50
3 180 183 2
6 72 78 2
2 161 167 4
3 31 36 5
6 104 110 1
2 149 152 3
4 200 204 1
4 54 58 4
6 89 96 5
3 112 120 1
3 57 62 4
6 45 51 4
2 94 97 4
3 17 22 6
6 190 196 6
5 136 141 2
6 13 20 4
5 184 189 4
4 176 180 4
2 116 124 3
4 96 103 5
6 124 130 4
3 143 146 6
4 80 85 3
3 28 32 6
5 107 112 3
6 122 128 1
2 78 80 5
4 157 163 3
2 111 113 4
5 9 14 1
5 38 43 6
6 36 42 1
3 140 144 4
3 88 91 4
2 4 6 3
6 168 174 4
5 4 11 4
3 146 149 3
6 49 56 6
3 60 67 4
3 41 44 3
3 195 198 2
2 130 134 1
5 74 79 1
4 168 172 6
4 67 71 1
2 21 28 3
3 186 189 6
2 153 157 5