200
3 231 236 3
3 456 463 5
5 78 83 4
4 233 240 3
2 555 558 2
4 344 350 4
3 112 115 3
3 336 339 1
5 497 503 1
5 588 593 5
6 763 769 3
4 710 715 4
5 1 6 2
2 557 562 2
2 413 416 6
3 288 296 2
2 634 640 4
2 756 760 4
5 331 336 3
5 143 148 4
3 447 450 1
4 280 287 1
5 100 105 6
2 627 630 1
2 376 378 3
5 205 211 6
4 747 751 4
6 171 177 2
3 621 627 3
4 316 324 3
5 50 55 3
3 396 399 6
3 356 359 4
4 6 10 6
4 350 354 3
4 324 328 4
2 113 117 6
2 696 704 6
3 184 188 2
6 157 164 1
6 628 636 1
5 136 141 4
4 672 676 6
6 148 154 2
6 341 347 4
4 654 658 4
3 165 171 2
6 338 344 6
2 729 735 2
3 636 641 1
4 648 656 4
6 718 724 2
2 93 100 6
3 388 391 4
2 32 37 1
2 36 41 3
3 579 582 2
3 513 518 1
2 736 743 3
3 256 259 6
6 308 315 3
4 547 551 4
3 581 585 1
3 740 746 3
4 749 755 2
4 32 36 1
5 192 197 4
2 481 486 1
2 13 20 3
4 192 199 3
6 360 366 6
5 150 156 1
6 601 608 1
3 727 730 4
5 307 312 4
6 180 186 1
2 215 218 4
4 312 319 2
4 660 664 4
6 584 591 5
3 666 672 3
5 404 409 6
2 74 80 6
5 56 61 1
5 399 404 5
5 780 785 4
3 261 267 2
4 220 228 4
6 269 275 3
2 564 566 1
2 200 203 2
4 722 727 2
5 548 554 4
4 123 127 4
5 519 524 4
2 80 88 4
4 664 668 1
5 87 92 3
2 539 544 1
4 704 708 6
4 288 292 2
2 59 61 6
4 380 384 4
2 280 282 1
4 648 652 5
4 524 532 3
6 420 426 2
5 210 215 1
3 798 801 6
3 618 621 4
2 732 736 3
4 239 243 3
6 486 492 3
2 530 533 3
2 423 427 6
5 600 605 1
3 494 497 6
5 780 785 4
3 678 681 6
6 155 161 6
6 435 441 3
6 101 107 5
2 383 388 6
3 463 466 2
5 300 305 1
3 408 413 6
6 243 249 1
3 370 376 4
6 47 53 1
5 772 777 6
4 712 718 4
5 179 184 1
6 366 372 3
5 684 689 1
2 566 572 2
4 676 680 5
3 63 67 5
4 791 796 6
2 792 798 4
3 500 506 1
4 224 232 5
4 65 71 1
3 173 178 2
2 608 612 3
4 252 256 1
3 125 130 6
6 768 774 2
3 163 166 6
6 770 776 6
3 406 409 4
2 71 75 1
4 695 699 5
4 688 692 3
4 704 712 2
4 455 459 6
5 43 48 6
5 264 270 1
4 296 300 1
6 426 432 4
3 244 249 6
4 472 476 2
6 324 332 6
5 576 581 6
5 304 309 1
5 505 510 6
4 108 112 4
3 218 222 6
5 787 792 1
6 18 24 4
3 20 27 4
2 89 94 5
3 759 762 1
6 201 207 6
2 532 536 5
4 274 279 2
2 644 646 6
3 437 440 6
2 132 138 6
6 428 434 3
3 259 263 1
3 474 478 3
6 11 17 6
6 511 517 4
2 26 31 1
5 468 473 1
6 692 698 3
3 615 618 5
6 449 455 6
3 362 368 3
2 571 575 3
5 131 136 6
2 119 122 6
2 521 528 4
6 612 618 6
2 492 494 3
5 440 445 4
5 541 546 3
5 593 598 1
2 479 482 4
3 389 396 1