350
3 523 526 1
5 673 679 2
6 630 636 5
4 832 836 2
3 335 338 3
6 619 625 2
3 190 195 1
3 772 777 2
3 812 818 2
2 476 484 4
4 632 640 6
6 873 879 3
6 1269 1275 5
4 763 767 6
6 1232 1238 6
5 179 184 4
2 363 365 6
4 783 787 3
6 136 144 6
5 1375 1380 5
2 1260 1262 2
5 1168 1173 5
4 464 469 5
3 1340 1344 2
3 1071 1075 3
4 643 647 1
2 817 823 5
3 544 547 3
3 1132 1137 3
5 436 441 5
5 10 15 2
6 236 242 5
4 528 536 6
3 594 599 2
2 83 88 4
4 807 811 3
5 1139 1144 4
2 134 137 4
4 1052 1056 3
4 976 980 6
6 282 288 3
6 1387 1393 3
3 1197 1201 2
3 527 531 3
2 316 319 5
6 1263 1269 2
4 105 109 4
6 852 858 6
6 566 572 1
4 1022 1027 3
2 811 813 1
4 536 540 1
2 392 394 1
4 984 989 4
5 396 401 6
5 1376 1382 1
3 483 488 3
3 5 11 2
5 992 997 1
2 1286 1290 5
4 1344 1352 2
5 1045 1050 4
5 195 200 1
3 424 428 6
4 1328 1332 2
4 443 447 4
6 1316 1322 3
3 1227 1231 1
3 696 699 1
4 902 908 1
4 230 234 1
6 12 18 1
5 700 708 5
5 870 876 3
6 801 807 1
6 1363 1369 4
5 51 56 6
4 252 259 3
4 1246 1250 5
5 1343 1348 2
2 40 48 1
6 64 70 4
2 1177 1184 5
6 884 892 4
5 24 29 1
4 1108 1112 3
4 940 944 5
2 225 230 5
3 589 595 4
5 664 672 1
6 75 81 1
2 218 223 2
3 1040 1048 5
4 1267 1271 2
6 720 726 6
4 182 187 5
3 556 559 1
4 994 998 2
2 725 731 6
4 117 122 3
3 1172 1176 1
2 1352 1354 5
4 654 660 4
2 689 694 6
4 1169 1173 5
6 410 416 6
6 368 374 5
5 143 148 1
4 909 913 6
2 952 954 6
2 1283 1285 1
2 379 383 6
3 717 724 1
3 461 464 3
3 730 735 6
4 926 930 2
2 834 837 3
6 736 742 3
3 764 772 6
6 652 658 5
5 559 564 4
5 1398 1403 6
4 1118 1122 1
4 964 972 4
4 1 5 1
6 1292 1298 5
2 588 591 1
3 384 389 1
3 512 518 4
6 796 802 3
6 88 94 4
5 1192 1199 2
6 318 324 5
2 131 133 4
5 1256 1261 4
5 110 115 3
4 878 883 5
3 222 225 4
6 699 705 6
6 124 130 5
6 644 650 4
3 458 463 2
3 1092 1100 5
4 1298 1302 4
2 1099 1103 1
5 1082 1087 3
4 1304 1308 2
3 1320 1323 6
5 276 281 5
4 475 479 3
4 828 832 4
3 780 783 1
2 948 952 3
6 404 410 1
4 274 278 3
5 1026 1031 3
3 982 985 3
2 1323 1325 2
2 677 680 6
4 1016 1020 1
2 1354 1358 2
4 76 82 3
5 1156 1161 4
5 931 936 1
6 1019 1025 1
2 455 457 3
3 324 327 6
6 424 430 3
4 452 456 3
3 568 576 5
3 295 300 1
4 1276 1282 1
4 250 256 6
3 1182 1186 3
3 963 968 5
2 512 516 2
3 913 920 1
4 922 926 6
5 552 557 3
4 331 335 6
3 96 99 3
4 563 567 5
2 753 757 2
3 92 96 2
6 627 633 1
3 204 212 3
6 1368 1374 6
3 204 207 6
6 1206 1212 4
5 1235 1240 6
4 1237 1243 4
3 1031 1034 5
4 212 216 3
6 852 859 3
6 1332 1338 2
3 1369 1375 1
5 1103 1108 3
6 784 792 4
4 863 867 3
5 169 174 6
5 407 412 4
6 608 614 2
3 1003 1006 5
5 58 63 1
4 758 762 5
4 636 641 6
6 1190 1196 3
3 149 155 3
4 436 440 2
4 160 168 5
6 349 355 5
3 1311 1315 3
4 1252 1256 1
6 1143 1149 6
5 500 508 3
3 968 974 4
3 670 674 5
2 1223 1225 4
2 1381 1385 5
5 1105 1110 5
5 469 475 5
6 687 693 2
2 615 617 3
2 1156 1164 1
5 1040 1045 1
5 892 899 2
5 884 889 2
6 186 192 3
3 888 896 1
4 978 982 6
6 496 504 1
6 326 332 1
4 1147 1152 6
5 337 342 6
3 1063 1067 2
6 943 949 4
3 1128 1135 5
4 1000 1004 6
3 1076 1083 4
6 706 712 1
2 580 587 1
3 1396 1400 1
6 1114 1120 3
5 1085 1090 6
2 547 550 4
6 609 615 5
6 292 298 4
3 598 604 2
3 1308 1311 4
5 413 418 3
5 38 43 3
3 445 450 2
3 248 251 3
6 66 72 5
4 269 276 1
4 18 23 3
5 1012 1017 6
4 1056 1061 2
3 373 376 3
4 429 434 4
3 1242 1245 3
6 258 264 3
5 156 162 2
2 102 105 5
3 36 40 1
2 859 862 1
4 302 307 4
3 792 795 5
6 166 172 1
6 744 750 3
2 1005 1011 3
6 1127 1133 3
4 712 720 3
2 71 74 2
5 1220 1225 6
2 505 508 3
2 55 57 5
4 152 159 3
5 356 361 6
2 359 361 5
6 955 961 2
5 836 841 2
6 935 941 2
4 537 541 2
6 128 134 1
5 238 243 6
6 392 400 4
2 307 309 4
2 623 627 2
6 300 306 1
5 215 220 1
6 44 50 6
2 898 902 5
6 262 268 5
5 27 32 1
3 1148 1152 4
2 114 117 5
2 309 316 4
3 1184 1192 6
4 905 911 4
4 1067 1071 2
4 344 352 3
6 491 497 1
3 1214 1220 1
2 1090 1096 1
5 494 500 2
3 1035 1040 1
4 656 660 5
3 844 847 3
3 742 746 6
3 1334 1338 3
3 603 606 4
5 800 805 6
6 1164 1170 5
3 957 964 6
4 824 828 3
3 1295 1300 2
6 847 853 5
2 368 372 5
5 919 924 2
3 144 152 4
6 1275 1281 5
3 734 740 5
6 174 180 2
2 97 101 4
3 575 578 3
6 664 670 5
4 284 289 5
4 866 872 6
3 710 716 5
3 198 202 4
6 241 247 2
5 31 36 2
5 1123 1128 6
5 748 756 6
3 772 775 3
2 381 384 2
5 1212 1217 5
6 1360 1366 2
3 341 348 2
6 1389 1396 4
5 682 687 4
3 1074 1080 5
5 580 585 6
5 264 269 1
5 516 522 2
2 1052 1060 5
2 1200 1205 3
6 420 426 1
3 487 490 5