150
4 343 348 3
6 70 76 6
4 352 356 6
3 163 166 2
5 285 290 2
6 110 116 2
5 146 152 2
4 250 254 4
3 481 487 1
4 273 278 1
6 420 426 3
5 53 59 3
5 493 498 5
3 375 378 4
3 73 76 3
4 478 484 2
6 449 455 1
4 288 294 5
3 419 423 3
5 592 597 5
2 236 241 1
3 171 174 4
5 199 204 6
2 520 525 6
5 408 413 1
3 173 177 6
5 579 584 2
3 45 49 4
2 324 329 2
6 218 224 1
5 458 463 5
4 396 400 2
3 503 506 1
6 347 353 5
5 128 133 1
4 462 466 4
5 123 128 6
6 585 591 5
2 80 88 6
5 62 67 4
4 188 193 4
6 363 369 3
5 315 320 6
5 468 473 4
2 203 207 4
6 524 530 1
2 399 401 1
3 472 475 3
6 186 192 2
4 24 30 6
6 108 114 3
4 499 503 3
6 151 157 5
2 310 314 5
3 144 147 1
2 595 600 3
5 264 270 5
2 117 120 5
6 0 6 1
2 93 97 1
5 196 201 1
3 228 234 3
4 364 369 4
3 443 447 6
6 384 390 3
2 537 543 2
3 19 22 2
3 296 299 2
4 32 39 3
2 488 490 5
5 599 604 3
2 278 282 4
4 224 228 2
2 332 334 5
2 575 577 6
5 388 394 2
2 135 137 1
5 296 304 3
4 427 432 1
3 354 357 5
4 514 518 4
4 21 27 2
6 235 241 4
3 432 436 3
5 510 515 3
5 16 21 1
5 280 286 3
2 476 478 4
4 385 389 3
6 320 328 4
5 36 41 3
2 204 210 4
6 530 536 4
3 49 54 5
4 455 459 3
5 132 137 2
2 225 231 3
4 114 118 4
2 356 361 3
5 176 184 3
6 518 524 5
2 30 36 3
3 491 494 4
4 136 143 5
2 506 511 5
2 300 308 5
4 304 311 2
6 380 386 6
2 543 548 2
5 44 49 2
6 160 166 4
6 581 588 4
2 260 267 2
2 567 569 3
5 438 443 6
6 64 70 4
3 572 575 6
4 246 251 6
3 80 83 6
5 545 550 3
5 318 324 1
6 182 188 5
2 96 103 5
4 548 553 1
4 258 263 4
5 334 339 4
4 555 559 5
3 446 451 3
6 339 345 4
2 100 107 2
3 8 12 3
4 154 158 3
3 12 15 2
4 561 568 1
3 272 275 1
3 255 258 5
4 416 420 1
5 409 416 3
5 369 374 4
5 91 96 5
5 433 438 6
2 402 407 2
5 241 247 5
2 59 64 6
4 168 172 4
6 213 220 3
3 556 563 3
5 536 541 1
6 84 90 4
3 211 214 2