450
2 411 416 6
5 252 257 6
6 729 735 4
6 1247 1253 1
6 12 18 4
2 352 356 1
6 526 532 2
3 1003 1006 3
5 1580 1585 4
5 1797 1802 3
2 428 432 3
5 408 413 2
4 1138 1142 3
4 792 796 6
5 188 193 1
4 1637 1641 6
6 1455 1461 5
3 1292 1297 6
6 776 782 3
6 1519 1525 4
6 299 305 5
5 1062 1067 3
6 215 221 3
4 565 569 4
3 1331 1334 3
3 133 139 3
3 1790 1796 3
3 940 944 4
3 756 763 3
4 901 906 5
4 1735 1740 3
5 1431 1436 3
6 780 788 6
5 1311 1316 6
5 4 9 5
6 375 381 5
3 941 948 4
6 69 75 5
4 849 853 2
4 619 623 2
3 1624 1631 2
6 162 168 3
6 1177 1183 4
3 487 490 3
5 806 811 3
4 612 616 2
3 1416 1420 2
3 1776 1779 2
3 980 988 2
4 1380 1384 5
5 1728 1736 2
4 1756 1761 3
3 221 226 2
3 643 646 4
3 692 695 6
6 1077 1084 4
2 1691 1693 6
3 723 728 1
4 367 372 3
2 1629 1632 2
5 454 459 3
5 695 700 2
6 1285 1291 6
2 517 524 3
2 1336 1338 5
6 672 678 1
3 1013 1020 3
3 615 618 2
3 1112 1120 1
6 654 660 3
5 1207 1212 5
3 1679 1684 3
4 1318 1322 4
4 279 283 4
5 1363 1368 6
4 121 128 2
4 227 232 4
3 1262 1268 1
3 1065 1072 1
3 698 701 1
3 1280 1283 4
5 166 171 3
2 1728 1730 1
2 1597 1603 5
4 1124 1129 6
5 588 596 3
4 1398 1404 1
5 467 472 3
6 857 863 2
2 688 691 6
4 427 431 2
5 1436 1441 1
2 1150 1156 2
4 1469 1474 1
3 110 116 5
2 145 150 5
3 1235 1238 1
2 869 876 4
3 80 83 2
4 204 208 5
6 1541 1547 2
5 1444 1449 1
2 880 886 3
6 1499 1505 6
2 1088 1090 2
4 717 724 4
6 1650 1656 4
6 1108 1114 4
4 1389 1396 1
5 474 479 2
6 971 977 1
6 274 280 2
6 898 904 2
6 1675 1681 5
4 640 644 1
6 1744 1750 1
5 894 899 3
5 532 537 5
3 1353 1357 2
3 523 527 6
5 1395 1400 5
3 708 711 3
3 930 935 6
4 542 546 3
2 388 392 3
5 1053 1058 2
5 1588 1594 2
6 324 330 5
6 1364 1371 4
5 1512 1517 3
2 623 626 5
5 51 56 1
4 243 247 5
5 1761 1768 2
5 1188 1193 2
5 376 381 3
3 1117 1123 3
5 84 89 5
2 1010 1015 1
2 1289 1294 5
3 359 362 3
6 908 914 2
4 481 485 6
4 293 299 5
5 449 454 4
2 1794 1799 2
6 52 58 5
5 1700 1708 6
4 1273 1278 2
6 888 894 5
3 1459 1464 2
2 434 436 4
5 892 897 6
5 787 792 6
3 966 971 1
4 584 590 6
5 105 110 6
3 1340 1344 2
3 1658 1661 1
2 45 50 3
5 192 197 6
5 980 985 3
2 1090 1095 3
4 1005 1009 2
6 290 296 4
5 1483 1488 6
2 1028 1030 4
5 112 118 5
6 168 175 5
4 256 260 1
6 831 837 5
2 312 317 4
6 867 873 5
3 602 608 6
2 1588 1592 1
6 1059 1065 2
6 1615 1621 1
6 117 123 6
3 726 729 2
3 342 348 1
5 399 404 5
6 1440 1446 6
6 160 166 1
6 328 336 5
2 1474 1476 2
2 40 44 6
3 1128 1136 6
5 1325 1330 1
6 1600 1608 2
5 530 535 3
2 139 143 6
4 1553 1560 6
3 1224 1228 4
5 1419 1424 3
4 765 769 6
5 1048 1053 4
6 1216 1224 6
6 1145 1151 1
6 838 844 2
4 512 520 6
5 16 21 4
4 921 925 1
3 665 668 4
6 510 516 3
5 1665 1672 5
4 580 586 5
6 156 162 1
6 560 566 3
3 1387 1391 6
6 1169 1176 1
3 1035 1038 3
4 1204 1208 4
2 1535 1539 4
2 208 212 3
2 1156 1163 5
5 1255 1260 2
2 132 134 5
3 1754 1759 6
4 976 980 6
6 1489 1495 1
2 1408 1410 2
5 212 217 1
2 597 600 2
3 1338 1344 2
2 263 267 4
2 1300 1302 3
5 1283 1288 4
2 679 683 5
5 1320 1325 4
3 962 966 2
2 1447 1452 3
6 571 577 6
4 144 148 4
3 749 752 4
5 1132 1137 3
5 494 499 2
2 1423 1427 5
6 420 426 6
2 1688 1690 2
2 578 581 3
4 628 635 2
5 480 485 6
4 1780 1786 3
2 1226 1230 2
5 237 242 5
3 1644 1648 4
3 1200 1203 4
5 651 656 6
2 712 716 5
5 681 688 4
6 1052 1058 4
2 104 106 4
3 508 511 1
6 1259 1265 4
6 1081 1087 5
3 1040 1047 1
6 17 23 6
3 847 850 3
2 1565 1570 2
4 995 999 6
4 1748 1752 6
3 1175 1178 6
4 464 468 6
6 219 225 5
5 1308 1313 5
6 1719 1725 5
2 913 918 5
2 270 276 5
4 1634 1639 2
4 1672 1676 6
4 1539 1543 2
3 1508 1516 6
4 1502 1506 3
3 95 98 3
6 770 776 1
3 1244 1247 2
5 1560 1565 2
6 1611 1617 6
2 1360 1364 5
4 345 350 1
4 283 287 3
5 448 453 5
5 536 544 5
6 332 339 2
2 1184 1192 4
3 1621 1627 2
3 61 65 6
5 1521 1527 4
6 1024 1030 6
5 1039 1044 3
4 1776 1784 2
3 396 400 4
3 873 879 5
3 501 505 5
4 1140 1148 1
6 229 235 1
4 492 496 4
3 233 239 1
4 1646 1650 3
4 933 937 5
4 308 312 5
6 811 817 2
4 34 38 5
4 796 802 4
5 928 933 5
3 1506 1511 4
5 1656 1661 5
5 747 752 3
3 1017 1022 4
5 1400 1405 1
5 1724 1729 4
4 198 202 4
2 756 759 5
4 1160 1165 3
2 674 678 3
4 628 632 4
5 1300 1307 3
4 546 552 5
5 700 705 1
4 732 738 2
4 779 784 1
5 761 766 6
2 178 182 5
6 265 271 2
4 988 993 2
3 247 252 2
2 24 32 4
3 1692 1697 6
2 30 33 2
4 1478 1484 2
3 125 130 1
3 371 376 4
2 1211 1215 4
5 1230 1236 6
2 1575 1579 5
2 708 716 6
5 801 807 6
6 1195 1201 3
3 192 195 5
5 1071 1076 6
6 947 953 3
3 1559 1564 3
3 441 448 6
4 324 328 3
4 496 501 5
5 337 342 6
5 99 104 3
3 300 306 1
3 317 324 6
3 1408 1412 6
3 82 85 1
5 1167 1172 2
4 1525 1532 1
5 1381 1386 2
4 852 857 3
4 662 667 1
3 1181 1187 4
5 384 389 1
6 553 559 5
5 1704 1711 4
4 1712 1716 6
6 387 393 1
3 1580 1584 5
3 1031 1034 5
2 1699 1702 2
4 1451 1455 1
2 89 92 2
4 608 612 2
3 817 822 4
3 596 599 2
6 1468 1474 6
4 916 921 1
5 1372 1377 3
2 656 664 5
4 1662 1667 4
5 1265 1270 5
6 23 29 3
3 1487 1490 3
3 1096 1100 6
6 7 13 1
5 1531 1536 1
5 1110 1115 1
3 863 866 2
6 1570 1576 4
5 1747 1752 6
5 1595 1600 1
3 1606 1612 2
3 636 639 6
3 353 358 4
3 182 185 2
2 1248 1253 6
3 1345 1349 6
6 1786 1792 4
4 1100 1104 6
6 814 820 3
2 1272 1274 1
5 823 828 2
2 958 964 5
6 556 562 5
3 1708 1716 3
6 173 180 2
4 1765 1770 5
5 1551 1556 2
2 1424 1429 2
2 949 956 5
4 311 316 4
4 954 958 6
6 1682 1688 6
4 403 407 4
6 66 72 6
3 460 463 5
3 57 60 4
5 549 554 1
4 907 911 4
3 287 291 3
2 472 474 3
4 39 43 6
4 1739 1744 3
3 844 848 1
3 74 77 4
5 740 745 6
5 1350 1355 3
2 1770 1776 2
5 1155 1160 3
6 1237 1243 3
4 828 832 2
3 1101 1107 3
6 877 883 4
3 834 839 5
6 996 1002 3
5 1120 1128 4
5 1618 1623 5
4 795 799 4
4 1075 1079 6
2 256 260 6
2 645 649 6
4 152 156 2
3 1545 1549 3
4 1492 1497 3
4 987 992 1
6 1372 1378 6
6 1314 1320 1
4 572 578 1
5 416 422 5
4 440 444 3
5 414 419 4
4 1462 1467 3
2 743 745 2
3 361 368 2
5 1214 1219 3