500
4 1124 1128 5
4 1252 1259 4
6 957 964 4
6 572 578 4
2 989 996 3
3 1472 1477 3
4 1513 1517 4
6 224 230 4
5 1940 1945 3
6 510 516 5
6 1907 1913 1
2 164 169 2
6 1082 1088 2
2 1807 1810 4
2 668 673 3
2 1797 1802 3
4 126 130 1
6 1667 1673 6
3 1894 1897 6
4 89 93 6
5 397 404 5
6 910 916 4
3 1403 1407 6
2 1573 1579 2
5 536 541 2
4 1205 1212 2
3 490 493 5
5 852 857 2
4 540 544 4
6 1962 1968 4
5 924 929 6
3 484 488 6
6 1834 1840 3
3 734 737 4
3 332 339 4
4 1781 1785 6
3 1751 1754 4
3 1876 1883 3
3 1845 1851 1
5 1912 1917 4
5 894 899 3
3 1984 1989 2
4 1600 1604 5
6 140 146 6
5 1989 1994 5
6 928 934 3
5 1136 1144 6
4 1572 1576 3
4 743 747 3
2 744 749 2
4 1520 1528 2
6 1370 1376 5
4 1580 1588 4
6 1453 1459 1
4 1499 1503 6
3 1519 1524 3
6 158 164 4
2 1040 1042 1
3 1294 1298 2
6 1242 1248 5
4 1816 1824 3
6 1248 1254 5
5 656 661 6
5 83 88 2
6 176 182 6
2 1643 1648 3
6 1772 1780 6
2 1925 1928 1
4 860 864 2
4 1526 1532 3
5 1346 1351 5
4 1691 1695 5
3 805 812 5
4 1872 1876 5
3 1351 1356 5
5 937 943 6
2 250 252 6
5 118 123 4
2 60 62 6
4 783 788 4
2 1030 1036 6
4 1235 1240 4
3 1994 1999 2
6 514 520 1
5 634 639 4
2 1420 1422 2
5 638 643 5
6 1567 1573 5
2 1960 1963 4
2 201 205 5
2 305 310 1
5 1096 1101 2
4 688 692 3
2 583 585 6
5 1108 1114 1
4 952 956 6
5 468 474 3
4 840 846 5
4 1832 1836 1
2 823 826 1
6 647 653 4
5 188 194 3
2 619 622 6
5 1795 1800 1
3 625 631 1
5 808 813 6
6 374 380 5
3 1709 1714 1
5 1117 1122 3
2 788 790 2
2 1722 1725 6
6 225 231 5
4 340 344 1
6 1273 1279 2
2 1307 1310 5
5 976 981 2
5 462 467 4
6 1716 1722 1
6 1408 1414 3
3 1719 1724 1
3 1399 1403 3
3 1889 1894 2
5 1132 1139 2
2 86 92 2
3 1852 1855 4
4 1144 1148 3
3 980 985 6
3 1605 1612 1
4 1280 1284 1
4 1168 1172 6
6 453 460 4
6 1843 1849 1
5 829 836 1
6 1268 1274 6
4 1489 1493 3
2 1505 1510 5
4 352 360 5
4 1072 1079 4
3 1080 1083 5
4 1156 1161 3
3 1980 1983 2
6 265 271 5
2 1304 1306 1
3 816 821 1
4 1376 1381 2
6 1247 1253 2
5 1394 1399 5
2 1688 1692 2
5 1740 1745 2
3 424 427 1
2 700 706 4
3 145 148 4
3 560 566 4
4 668 672 1
4 132 136 5
6 380 386 3
6 1332 1338 3
5 1900 1905 4
4 140 147 4
6 749 755 3
5 908 913 4
6 1001 1007 6
2 1587 1592 6
6 1826 1832 1
6 1215 1221 1
2 1765 1771 5
3 1656 1664 6
6 1922 1928 3
6 1803 1809 2
5 1085 1090 1
3 1951 1954 6
5 1591 1596 2
4 1700 1704 5
5 1853 1859 3
4 688 695 3
2 1537 1542 4
2 1096 1103 4
5 231 236 1
3 520 526 3
6 1342 1348 4
5 1770 1775 3
4 1226 1230 3
2 1088 1092 4
4 763 767 3
4 987 992 2
4 364 368 5
4 1675 1679 6
4 1931 1935 3
4 1148 1152 5
4 1971 1975 2
5 312 317 5
2 1161 1164 4
2 1222 1225 6
3 796 799 5
3 731 734 5
6 1861 1868 6
6 1955 1961 6
6 502 508 4
4 417 422 3
4 620 626 6
3 758 761 1
5 377 383 3
2 345 351 1
3 1375 1379 2
2 1313 1316 6
5 495 500 5
2 112 115 5
3 1322 1328 1
4 32 38 1
5 1469 1476 6
3 1434 1440 5
3 888 892 5
3 1488 1491 4
5 1147 1152 3
6 661 667 6
5 1064 1069 6
6 1531 1537 1
6 1020 1026 6
6 1728 1734 5
5 680 685 5
3 1461 1467 3
6 1936 1942 3
3 475 480 1
5 770 776 1
3 39 42 3
3 630 636 3
4 1616 1623 4
3 1616 1619 6
2 676 678 2
5 337 342 2
4 1467 1472 4
2 18 23 6
5 941 946 6
4 69 74 3
2 1060 1063 1
4 1022 1026 3
3 148 156 3
5 1808 1816 5
3 1126 1130 1
3 1203 1208 1
6 481 487 6
4 466 472 2
4 31 35 5
5 916 921 1
4 1309 1313 6
3 1728 1736 6
4 1494 1498 2
3 1408 1413 3
4 1761 1765 6
3 736 741 1
6 1330 1336 2
2 79 83 1
3 330 333 4
2 544 548 5
3 1776 1784 6
3 904 907 6
2 1048 1053 6
3 233 238 5
2 612 614 6
2 1812 1819 2
3 131 135 2
4 176 180 3
5 1107 1112 2
6 262 268 2
2 996 998 3
3 1102 1108 2
5 836 841 6
4 1623 1627 3
4 1238 1242 4
5 550 555 2
3 1388 1391 2
2 325 328 3
3 1752 1756 5
6 55 61 5
2 1917 1920 1
5 540 545 4
4 1625 1629 4
5 278 283 2
3 220 223 1
4 1550 1554 3
3 1999 2004 2
5 458 463 4
2 412 415 1
5 239 244 3
4 414 418 1
5 863 868 3
4 788 794 2
4 1610 1616 5
4 1359 1363 3
6 429 435 5
3 836 839 6
3 253 257 1
4 614 618 4
5 452 457 6
5 1734 1739 1
5 298 303 3
4 504 508 2
6 1704 1710 3
5 116 121 5
3 1966 1970 6
5 1634 1639 1
5 27 32 3
5 709 714 6
6 1934 1940 2
4 1132 1136 1
3 971 974 6
3 826 829 3
2 1263 1266 3
4 391 395 2
6 572 578 1
2 1033 1040 6
5 1444 1449 3
3 768 771 6
3 8 11 4
4 122 127 2
6 1283 1289 5
6 1700 1706 6
6 1504 1510 4
5 1047 1052 1
3 1743 1748 3
4 1367 1371 3
3 1791 1796 5
3 1820 1824 6
3 208 212 3
5 96 101 5
6 699 705 1
6 369 376 5
2 1880 1887 4
6 1900 1908 1
2 1184 1189 4
2 1065 1068 6
2 1112 1119 6
3 244 249 6
6 651 657 3
6 898 904 5
3 1044 1047 6
2 593 596 1
4 1436 1443 5
2 403 405 1
2 968 970 2
3 185 190 6
4 1532 1536 6
5 103 108 3
2 873 877 6
4 1007 1012 2
3 288 292 1
2 1885 1891 1
6 312 318 6
5 865 871 5
4 1603 1607 3
6 1428 1434 6
5 1152 1158 1
4 272 276 2
5 1593 1598 2
2 1555 1560 2
5 579 584 5
5 726 732 6
3 717 720 2
5 107 112 6
5 552 557 4
6 1069 1076 2
6 162 168 6
3 1479 1483 4
6 568 574 2
6 1008 1016 3
4 878 883 6
2 590 594 6
4 1192 1196 2
6 1200 1206 6
5 869 874 6
6 193 199 6
3 478 484 1
5 1912 1917 1
5 1580 1585 4
6 208 214 3
3 427 430 1
2 960 965 4
4 1052 1060 2
6 388 394 2
3 844 850 5
4 560 564 6
5 498 504 2
4 1560 1564 3
3 66 70 1
4 295 299 4
5 395 400 4
4 1975 1979 2
5 656 662 4
2 1015 1019 3
4 1363 1367 6
2 1680 1686 4
4 172 176 6
2 42 47 3
2 1744 1748 6
4 644 648 3
3 1556 1561 5
6 1451 1457 4
3 1632 1635 2
5 1649 1656 5
4 1856 1861 5
4 301 308 5
6 527 533 4
6 1540 1548 3
5 681 686 4
4 435 439 2
6 752 758 3
6 1787 1793 3
3 1695 1698 1
4 707 712 6
3 322 325 3
4 928 934 3
3 75 79 3
6 1178 1184 6
2 444 451 1
3 1296 1300 6
4 692 700 4
5 947 952 3
3 406 411 6
5 1864 1869 2
3 796 802 2
5 51 56 1
5 1759 1764 4
4 1445 1450 4
3 1678 1683 4
2 586 588 6
4 813 817 5
6 317 324 6
5 1460 1465 6
3 1208 1216 2
3 0 7 3
4 883 887 3
4 1483 1487 3
6 1652 1658 4
6 441 448 5
2 1947 1949 5
6 216 222 3
4 352 356 6
2 9 12 1
6 1839 1845 2
2 14 17 6
4 1166 1170 6
6 518 524 1
2 1192 1199 5
4 1640 1644 1
3 604 608 1
2 1229 1233 6
5 976 981 4
3 1424 1427 4
3 1391 1394 1
6 92 98 4
4 1000 1004 2
5 1268 1273 3
4 955 959 1
2 780 784 5
3 23 26 6
5 256 261 2
4 1982 1986 4
5 1647 1652 5
3 1425 1428 6
2 1289 1295 3
3 1869 1873 2
3 1027 1030 4
2 183 188 2
6 1319 1325 1
4 1286 1292 2
2 291 296 2
4 804 808 3
2 275 279 4
2 48 50 4
5 1220 1225 6
2 1662 1665 2
5 439 444 1
6 917 923 4
2 1174 1176 6
6 360 366 6
4 243 247 6
2 772 780 2
4 1415 1419 4
3 197 201 5
4 61 65 4
3 1181 1186 2
3 1326 1329 3
3 1336 1343 4
2 1672 1676 6
2 1381 1384 3
2 1512 1514 3
2 281 288 1
3 528 534 6
5 853 859 3
4 607 611 2
4 892 896 2
6 152 158 2
4 1256 1261 3
6 1353 1359 4
3 724 727 1
2 365 372 2
6 1547 1553 2
4 933 937 2
4 597 601 2
5 715 720 6