300
4 346 350 4
3 1133 1139 5
4 608 614 5
3 1191 1194 6
4 984 988 4
3 618 624 4
3 779 782 1
4 854 858 4
2 1112 1114 2
6 336 342 3
4 512 516 1
3 31 36 3
6 424 430 4
3 300 304 6
4 1074 1080 1
5 441 448 5
4 108 114 4
6 1154 1160 1
4 795 799 4
2 79 81 6
2 104 106 6
5 363 368 6
6 1166 1172 5
6 89 95 2
6 133 140 2
5 321 328 6
3 896 901 2
2 125 129 1
3 153 160 4
5 0 8 3
3 668 676 1
4 660 664 3
5 212 217 1
2 162 165 2
5 765 771 4
6 277 283 2
2 232 238 2
4 636 640 2
5 398 403 4
6 684 690 5
5 244 252 3
4 928 932 6
6 1100 1106 5
6 455 461 6
2 21 24 1
3 920 923 2
6 1184 1190 5
5 1146 1151 2
5 262 267 5
6 181 187 1
6 271 277 4
3 674 677 5
2 994 998 4
2 1115 1119 2
3 812 815 5
6 1049 1055 6
3 973 977 4
5 216 221 5
5 408 413 2
4 185 191 1
5 482 487 2
5 1038 1043 4
6 776 782 5
4 556 560 5
5 449 454 1
6 16 22 1
6 325 331 3
6 738 744 2
5 12 17 3
3 136 142 4
6 945 951 4
3 548 551 5
4 26 30 3
6 640 646 6
2 353 356 2
5 660 665 3
2 87 89 3
2 216 219 3
3 833 840 5
4 49 56 6
3 1086 1089 5
4 632 636 4
6 932 940 2
6 650 656 4
6 1067 1073 1
4 340 348 6
5 822 827 3
2 729 735 6
5 498 503 5
5 1081 1088 2
4 1032 1040 6
3 487 492 3
2 708 711 6
2 179 182 5
4 159 164 3
2 865 869 1
4 1060 1066 6
3 190 194 6
5 628 633 4
6 391 397 6
5 712 717 2
3 716 721 1
2 1013 1019 4
6 988 994 3
5 818 823 2
3 772 775 4
6 372 378 1
3 75 78 2
4 758 762 1
4 1172 1178 4
5 716 721 1
5 595 600 1
6 791 797 5
3 143 146 4
3 295 299 3
6 929 935 6
4 8 12 3
4 722 727 3
6 958 964 2
2 574 576 3
6 963 969 4
4 859 863 2
6 418 424 6
4 197 204 6
4 840 844 2
6 940 946 2
2 48 50 4
4 1171 1175 2
2 351 353 4
5 267 272 3
4 884 888 1
3 850 855 1
6 700 706 3
5 171 176 6
2 1031 1033 4
6 224 230 6
4 407 412 2
3 469 475 1
2 636 639 1
4 727 732 3
6 1048 1054 3
6 165 171 2
6 423 429 3
4 623 627 2
6 1000 1006 3
2 988 990 1
4 64 72 2
6 903 909 4
3 239 244 3
3 746 750 6
2 599 604 5
4 313 317 3
6 796 802 1
5 911 916 6
5 1070 1075 5
6 286 292 6
3 568 572 2
3 61 68 1
2 297 301 3
6 977 984 5
2 501 505 5
5 148 154 2
6 1120 1126 3
3 513 520 4
5 516 521 6
3 252 255 4
3 227 230 1
3 1151 1156 5
2 256 260 5
3 1122 1127 6
6 742 748 5
2 204 209 5
5 845 852 2
4 733 739 2
6 1003 1009 6
3 437 440 3
2 604 609 2
3 412 418 5
4 871 875 3
2 336 338 3
3 1159 1162 3
4 446 450 1
4 1140 1144 6
2 530 535 6
2 288 294 4
5 476 482 3
5 396 401 4
2 815 819 3
3 230 233 4
2 432 434 6
4 783 787 3
3 275 280 6
4 32 37 5
4 461 468 2
5 1026 1032 4
6 39 45 5
2 664 672 1
6 763 769 3
2 688 690 2
6 540 546 1
3 1022 1025 6
5 548 553 6
4 750 755 6
4 808 812 1
2 892 899 2
6 582 588 5
4 587 591 5
3 521 524 1
3 864 867 3
3 1195 1198 4
2 53 59 2
4 828 832 1
6 1091 1097 3
4 92 100 4
3 490 494 3
6 676 682 1
2 1142 1148 2
4 132 136 3
6 319 325 4
4 193 197 3
4 201 207 2
2 873 877 4
4 403 408 6
4 1017 1021 6
3 913 920 5
4 382 386 5
6 828 834 3
2 907 909 6
4 175 179 6
5 373 380 5
4 305 310 2
3 114 120 5
2 359 363 6
5 1104 1109 3
6 465 471 4
3 1052 1059 3
5 890 895 2
4 972 976 3
5 121 127 5
6 242 248 3
3 1184 1189 5
2 881 884 1
3 964 970 6
4 591 595 5
6 1008 1014 5
4 148 152 4
3 647 651 1
6 527 533 2
4 614 618 2
6 331 337 6
3 117 123 6
6 704 710 5
6 562 568 1
4 1093 1097 4
6 940 946 1
3 1077 1081 3
6 508 514 2
4 1180 1184 4
5 435 440 5
5 953 959 6
5 496 501 3
2 788 790 5
3 1040 1045 1
6 877 884 3
4 1059 1063 1
6 1162 1168 6
4 378 384 5
5 1102 1107 2
6 600 606 2
4 310 316 4
3 654 657 1
3 804 808 2
4 56 61 6
6 688 696 1
4 476 480 5
2 280 287 3
5 1199 1204 3
5 952 957 6
5 536 541 1
2 368 372 6
4 68 73 3
5 580 585 4
6 565 571 4
2 1130 1136 6
2 104 110 6
4 696 700 3
5 843 848 6
4 44 48 4
3 754 757 2
2 1008 1010 6
5 559 564 3
3 97 103 4
3 460 463 3
4 921 925 6
5 82 88 5
6 17 23 2
5 1128 1133 5
2 255 259 3
5 386 391 2
4 540 544 5