400
5 721 728 1
5 1377 1382 2
5 32 37 3
6 325 331 1
5 1147 1152 6
6 1404 1410 1
5 381 386 5
5 294 299 4
2 1470 1474 6
5 837 842 1
4 252 256 5
4 840 847 6
4 436 440 4
4 851 855 6
3 444 448 6
2 1323 1328 2
3 661 667 2
2 1056 1058 5
2 1489 1496 4
5 700 707 5
4 287 291 3
2 316 318 4
3 402 405 4
3 2 8 2
3 184 190 5
2 1592 1594 6
2 1348 1350 1
4 268 272 2
6 1479 1485 6
6 100 107 3
5 775 780 1
3 528 531 4
6 1272 1278 2
6 968 974 3
6 1108 1114 1
4 709 713 6
6 1300 1306 2
3 386 390 3
5 124 129 3
3 1351 1354 4
6 1483 1489 4
5 192 200 5
6 1494 1500 6
6 1036 1042 1
6 92 98 4
4 1017 1021 2
2 744 749 1
5 862 867 1
2 1091 1093 1
6 586 592 3
4 593 597 5
6 1329 1335 3
6 74 80 3
3 236 243 4
5 1190 1195 3
4 1485 1492 5
4 290 295 3
4 972 977 4
6 520 526 4
4 1316 1320 3
3 547 550 3
3 912 915 4
2 1544 1546 5
6 177 183 2
2 132 135 4
6 1276 1282 6
3 1440 1443 6
3 1292 1298 2
6 831 837 5
5 1024 1029 6
2 137 141 4
3 647 650 4
2 934 940 1
6 811 817 6
3 1497 1500 3
5 156 161 2
3 1583 1586 3
3 84 87 6
2 417 420 1
5 205 210 5
4 814 818 6
5 1540 1545 6
5 563 568 1
3 32 35 6
6 343 349 3
4 553 559 1
5 1404 1409 2
3 508 511 6
4 1268 1272 5
6 633 639 6
3 1098 1101 4
3 1070 1076 3
4 256 260 1
4 868 872 4
6 1362 1368 6
5 1548 1555 3
6 28 34 2
5 443 448 3
2 1194 1198 3
2 1423 1428 2
2 653 658 6
6 1388 1394 1
2 1233 1240 3
6 476 482 3
3 916 920 6
6 68 74 2
3 1207 1212 1
2 1040 1042 1
5 1452 1457 3
5 1185 1190 1
4 1442 1446 5
2 1354 1360 2
2 924 926 6
6 1535 1541 5
6 1579 1585 5
4 599 603 6
6 878 884 3
3 466 470 1
2 1376 1378 1
6 941 947 6
2 1058 1060 4
2 872 875 1
2 220 222 2
6 671 677 2
4 228 232 1
3 1411 1414 3
3 1240 1247 5
2 996 1003 2
3 604 607 1
2 1093 1098 3
3 560 563 5
2 1211 1213 2
5 1532 1537 3
2 375 378 1
2 515 520 2
3 1162 1165 2
4 1012 1016 4
2 494 499 2
6 1390 1396 2
2 735 738 3
3 1546 1551 3
2 681 687 2
5 765 771 1
4 1568 1572 1
5 317 322 3
5 1064 1069 3
6 1124 1130 1
2 390 392 4
5 769 774 2
6 164 170 5
2 1216 1221 4
4 364 369 5
5 489 494 4
2 1177 1180 1
3 542 546 5
5 1012 1018 1
5 301 306 2
6 652 658 5
3 216 219 1
6 421 427 5
4 742 746 2
2 108 110 5
2 624 628 6
6 71 77 3
6 789 796 3
6 1074 1080 1
2 991 996 2
2 1562 1567 6
6 432 438 4
2 1102 1104 3
5 271 276 3
5 234 240 6
3 688 692 4
6 283 289 2
4 481 488 1
4 928 932 5
6 220 226 5
4 1428 1436 2
2 8 10 4
3 363 368 4
4 740 744 6
2 1282 1287 3
5 763 768 6
6 59 65 2
5 1512 1517 4
6 141 147 3
6 258 264 6
6 979 985 3
6 946 952 3
2 161 168 1
5 1370 1375 1
2 127 130 4
2 963 966 6
3 956 959 2
5 853 858 3
4 1204 1208 5
5 409 414 4
6 1226 1232 3
3 956 964 1
3 938 943 3
3 1328 1331 2
4 641 647 3
2 677 681 2
3 1414 1417 3
4 1311 1316 4
6 1356 1362 5
6 756 762 2
3 584 587 3
2 1084 1088 2
3 986 992 2
5 202 207 3
4 713 717 4
3 757 761 2
5 1596 1601 6
4 808 812 4
4 1461 1468 1
2 1149 1156 2
2 835 838 5
4 856 860 1
4 1383 1387 4
2 146 148 6
6 532 539 3
3 786 792 3
4 1141 1145 4
2 427 429 6
3 1338 1342 6
6 18 24 6
2 414 420 1
2 803 808 2
5 1263 1268 5
6 352 358 5
5 160 165 6
6 372 378 6
3 198 201 5
3 1222 1228 3
4 532 536 2
5 10 16 5
3 1340 1345 2
6 1174 1180 1
5 1251 1256 4
2 1114 1118 1
4 406 410 3
2 51 53 5
5 114 119 3
3 332 340 6
5 606 611 2
6 61 67 4
6 112 118 3
3 296 300 3
6 1574 1580 1
2 14 19 3
3 612 615 4
3 1081 1088 6
5 1528 1533 6
3 672 679 2
2 469 473 6
3 496 501 5
4 1136 1141 5
6 896 902 3
2 320 325 3
4 1165 1172 1
6 1136 1142 1
4 690 694 2
5 1467 1472 1
4 1044 1048 1
6 1002 1008 5
2 800 804 6
4 262 266 3
6 780 786 2
2 630 635 6
4 1306 1311 1
3 170 173 5
3 1476 1479 3
5 1156 1161 4
5 1239 1244 3
2 1448 1453 5
6 1027 1033 5
3 537 544 4
2 332 336 3
5 274 279 6
3 1252 1259 6
4 1393 1397 3
5 43 48 1
6 396 402 6
2 578 584 6
2 37 44 5
5 189 196 2
2 456 460 3
6 708 714 6
5 77 82 3
4 379 383 4
2 1428 1432 6
2 1008 1010 5
6 172 178 2
3 136 139 3
4 1131 1135 1
3 340 343 5
4 1183 1187 3
3 455 458 2
6 22 28 6
5 902 907 2
3 658 662 6
3 1200 1204 3
2 572 578 3
2 48 50 2
3 1524 1527 1
5 817 822 2
6 1258 1264 4
5 183 188 2
2 1212 1217 4
3 616 619 5
6 394 400 5
5 1120 1125 5
6 825 831 1
6 894 900 6
2 880 887 2
5 1517 1523 5
5 87 92 1
4 355 360 5
6 1288 1294 1
2 728 735 2
6 501 508 4
2 1558 1564 6
2 1420 1424 4
5 472 478 4
2 1400 1402 6
6 1301 1307 6
2 891 893 2
4 1366 1371 3
6 1586 1592 4
6 118 124 5
6 1168 1174 3
5 1599 1604 5
6 54 60 2
5 625 630 6
3 358 362 4
4 1044 1052 5
4 242 248 6
6 969 975 1
6 749 755 4
2 566 570 4
3 695 698 5
2 637 640 6
2 1505 1508 1
3 231 234 4
6 1436 1442 2
5 511 516 5
2 1287 1291 6
6 784 790 1
3 1062 1065 1
6 1554 1560 5
4 984 988 2
2 1445 1450 1
6 949 956 1
3 1513 1519 3
5 906 911 3
3 1080 1083 6
5 914 919 2
3 461 466 3
2 571 575 5
5 1117 1122 4
2 1029 1034 1
6 874 880 4
3 1267 1271 1
3 1160 1163 2
6 588 594 5
3 1570 1576 3
2 848 850 2
5 928 936 5
2 304 312 1
3 346 352 1
5 1501 1507 1
2 884 889 4
6 1051 1057 6
6 616 622 5
4 92 99 5
4 277 282 6
6 699 705 5
3 823 826 5
2 1335 1340 6
5 996 1001 5
5 212 217 2
2 726 730 6
6 664 671 1
2 309 316 2
5 1315 1320 4
3 440 443 1
2 548 553 6
6 448 456 2
2 1459 1461 1
5 97 102 6
2 1246 1252 2
6 484 491 6
5 248 253 6
3 795 799 1
3 1231 1236 4
2 520 525 2
3 716 723 2
5 1109 1115 3
2 148 153 5