100
3 332 336 2
4 338 344 2
6 284 290 2
4 139 143 6
3 254 257 5
4 360 366 3
4 327 332 5
6 108 114 4
4 74 80 3
3 373 379 6
2 372 376 4
2 88 90 5
4 353 359 5
3 94 98 2
2 182 184 6
3 160 168 2
4 60 67 1
3 388 392 1
3 109 114 5
2 185 191 5
6 261 267 3
6 10 16 4
2 48 54 4
3 136 139 5
4 320 324 3
5 272 277 6
4 222 226 6
2 345 350 5
4 298 304 5
6 44 50 2
4 378 382 5
3 396 401 1
4 227 232 4
4 21 28 1
4 241 245 1
3 28 31 6
2 238 243 5
2 196 201 3
2 165 171 2
2 120 122 2
6 173 179 1
2 82 88 4
3 247 251 5
6 236 242 5
5 4 9 4
2 192 200 6
4 293 298 1
2 311 314 1
4 207 212 2
5 343 348 3
3 154 157 3
3 101 104 6
6 148 154 1
4 259 263 2
5 217 222 6
4 383 387 6
4 204 208 2
6 130 136 4
4 142 148 1
5 308 313 3
4 330 334 4
3 96 101 4
2 276 278 1
3 249 256 4
3 42 46 6
6 160 166 1
6 348 356 3
6 368 374 3
5 266 271 4
5 116 121 3
6 213 219 1
6 4 10 3
3 291 294 1
3 390 393 2
2 169 174 4
4 70 76 4
2 148 150 1
5 178 183 5
5 60 65 1
2 322 326 2
5 120 125 4
3 396 399 6
6 360 366 3
6 34 40 1
2 91 93 4
3 126 132 5
5 280 285 1
3 14 17 5
3 316 319 3
2 302 308 6
6 211 217 4
2 32 34 3
6 189 195 1
6 37 44 6
6 287 293 3
4 68 72 5
2 79 83 1
6 54 60 3
6 231 237 2
6 19 25 1