250
6 683 689 1
2 452 456 3
2 315 319 5
3 864 869 4
4 393 398 2
2 758 762 6
3 268 276 3
2 61 67 4
4 597 602 5
5 811 816 1
4 559 563 1
3 108 112 5
3 112 118 4
4 294 298 3
3 775 778 4
5 317 322 2
4 326 330 6
6 648 654 3
6 891 897 4
4 216 220 2
3 604 610 2
3 278 281 3
5 201 206 6
5 361 366 3
5 596 601 3
6 298 304 1
3 190 196 3
6 588 594 3
2 884 890 2
6 449 455 2
4 764 768 6
4 920 924 1
2 167 170 1
3 253 256 3
5 354 359 6
5 630 635 3
4 8 12 3
5 844 849 2
5 60 65 4
3 952 956 3
6 50 56 2
3 908 914 5
4 660 667 5
2 732 735 5
4 686 690 3
3 504 508 3
3 828 836 1
3 444 452 6
2 930 933 3
5 40 45 1
4 95 99 2
5 822 827 3
4 538 542 3
4 855 859 2
6 26 32 3
6 718 724 3
4 149 153 4
6 983 989 1
2 99 101 1
2 580 584 5
6 480 486 3
2 984 991 1
6 975 981 2
3 180 184 5
4 520 526 5
3 78 81 6
3 824 830 1
2 945 951 2
3 804 810 4
2 734 737 3
3 72 76 5
6 555 561 5
4 128 132 2
2 590 596 1
3 417 421 2
6 584 590 3
2 705 711 2
6 976 982 1
5 896 904 6
6 387 393 5
5 838 843 2
5 610 615 4
3 926 929 5
2 159 161 3
4 497 501 2
6 303 309 3
4 914 920 6
5 488 495 2
4 467 471 2
2 377 381 6
5 33 40 6
2 711 714 3
4 55 60 6
6 208 214 5
6 714 720 1
5 140 146 6
2 850 855 5
4 494 498 1
3 242 245 4
3 860 866 2
5 542 547 6
4 338 342 4
3 410 414 1
6 548 554 4
6 530 536 6
6 360 366 2
4 471 476 4
3 956 959 3
5 367 372 1
3 480 486 5
4 653 660 4
6 924 930 2
5 880 886 6
5 250 255 3
6 396 403 1
2 787 791 5
5 569 574 4
2 65 72 1
2 320 327 4
5 441 446 4
5 100 108 1
3 794 799 6
4 352 356 5
4 961 967 6
4 272 278 1
5 626 631 3
5 964 969 2
3 155 159 5
5 506 511 3
5 193 198 2
2 374 378 1
2 487 490 4
6 45 51 4
4 869 876 3
6 421 427 1
4 288 292 1
2 657 663 4
4 696 700 2
6 801 807 1
4 768 772 5
5 874 879 6
4 280 285 2
3 790 794 4
5 615 620 6
2 969 976 5
5 751 756 4
3 991 994 1
3 527 532 3
4 88 92 2
5 331 336 4
5 170 175 5
6 518 524 2
4 264 268 5
5 960 965 6
2 937 940 5
3 12 16 6
6 312 318 3
2 895 898 6
2 534 538 6
6 110 116 1
4 91 95 1
6 994 1000 6
5 744 750 5
2 575 578 5
6 637 643 5
2 24 26 3
6 740 748 4
6 698 704 6
2 222 225 6
4 860 864 3
4 476 480 3
5 408 413 5
5 136 141 2
2 680 682 5
3 904 912 1
6 132 138 3
2 516 518 1
4 230 234 6
3 645 652 3
5 901 906 1
5 245 250 3
5 333 338 4
2 463 468 3
3 721 724 2
3 44 48 6
2 347 349 3
4 220 224 1
6 675 681 6
6 186 192 4
2 777 782 5
5 138 143 6
3 621 625 4
3 768 774 1
4 341 348 3
5 703 708 5
4 940 946 2
6 235 241 2
5 727 732 5
3 996 1004 6
4 10 14 5
3 120 128 4
4 428 432 5
6 665 672 6
2 820 822 2
3 224 230 1
4 402 407 1
2 429 433 6
2 28 33 1
6 144 150 4
2 689 694 2
5 560 567 3
4 118 122 5
5 4 9 3
5 257 262 6
2 936 938 5
4 634 638 2
6 550 556 2
4 439 443 3
2 617 624 1
3 848 851 3
2 263 265 3
3 17 20 2
5 644 649 3
2 510 514 3
4 305 311 5
5 436 441 4
6 383 389 1
5 80 85 3
4 289 295 5
2 456 462 4
3 813 819 6
6 878 884 5
3 736 744 3
3 752 757 1
3 671 675 3
4 416 420 6
5 210 215 6
3 176 179 2
2 196 202 4
5 368 374 3
4 161 168 6
6 566 572 1
3 70 76 3
2 799 802 1
4 181 188 4
3 602 608 4
5 782 787 5
4 236 244 4
3 833 840 4
3 389 394 3