300
3 479 482 3
4 530 534 5
5 516 521 2
6 304 310 1
3 892 896 5
6 357 363 1
2 447 452 1
5 630 635 5
3 136 139 1
4 1084 1091 5
6 502 508 2
3 368 373 4
6 1121 1127 2
3 694 699 4
3 550 553 3
5 591 596 5
3 60 64 1
2 262 265 2
5 565 570 3
3 1004 1011 3
6 46 52 5
3 148 155 6
5 776 781 2
6 412 418 2
3 1193 1198 2
3 829 834 6
2 155 159 1
2 756 760 2
2 71 75 2
4 302 307 5
6 702 708 2
3 241 248 4
4 518 523 5
4 1043 1047 6
4 1016 1020 1
6 994 1000 1
3 655 658 2
3 810 813 2
2 615 617 3
3 282 285 4
2 80 83 1
6 622 628 1
5 608 613 4
5 575 580 4
6 507 513 5
3 1038 1041 5
2 104 109 2
6 1052 1060 3
6 166 172 2
5 125 132 4
4 582 587 6
3 470 473 2
2 764 768 3
6 40 46 1
5 1183 1188 5
3 668 673 2
2 224 227 2
2 799 804 3
2 918 921 5
2 712 714 4
6 817 823 6
6 664 671 6
6 418 424 6
3 54 57 6
6 332 338 1
3 1196 1204 5
5 1076 1081 5
6 1029 1035 2
5 276 281 5
5 184 189 1
5 981 986 4
4 1101 1106 2
3 747 750 1
3 973 978 3
6 743 749 4
4 488 492 4
4 1134 1140 5
3 11 14 1
6 896 902 2
5 114 119 1
2 386 388 1
2 392 394 4
3 1082 1085 2
3 248 251 2
3 315 318 6
6 728 734 2
2 660 666 1
2 352 357 1
4 1058 1064 4
5 733 738 5
5 553 560 4
4 175 180 6
3 532 538 4
5 878 883 5
4 826 832 6
2 129 135 1
5 852 857 2
2 492 494 5
2 1173 1178 6
2 367 369 4
2 720 722 3
6 727 733 1
3 971 974 2
4 509 513 1
2 872 876 5
3 225 229 4
6 112 118 4
5 572 577 3
3 483 486 2
3 788 795 4
4 1192 1196 5
6 1153 1159 1
5 1068 1073 3
3 439 444 1
4 1017 1021 3
4 195 199 3
6 1160 1166 2
2 602 606 5
5 496 501 2
6 348 356 1
4 913 917 6
3 381 386 2
2 186 191 3
6 1022 1028 2
6 848 854 6
2 252 256 3
6 1114 1120 6
5 525 532 6
4 92 98 2
4 1166 1170 3
4 205 209 2
2 1106 1109 4
3 681 688 6
5 348 353 3
3 963 968 1
3 230 236 3
6 762 768 5
4 756 763 1
5 311 316 5
4 200 204 3
4 984 991 3
6 924 930 3
3 833 837 4
6 752 758 6
2 327 331 2
2 863 866 6
4 61 67 4
6 564 570 5
2 956 958 3
6 627 633 3
4 414 420 2
3 372 377 6
4 804 808 2
4 886 890 4
6 716 722 3
3 496 501 5
5 147 152 5
4 738 742 3
6 946 952 1
4 992 996 3
6 1146 1152 3
6 1063 1069 4
3 361 365 4
2 650 653 1
4 1130 1134 1
3 857 860 1
2 87 89 4
5 931 936 2
6 537 543 1
6 408 414 6
5 4 9 4
6 1051 1057 2
5 33 38 3
6 8 14 1
3 608 611 3
5 979 984 4
6 691 697 5
5 597 602 2
5 117 122 3
3 680 684 3
2 450 453 2
2 102 107 2
3 291 294 4
5 1128 1133 5
6 616 623 4
5 280 285 2
3 870 874 3
6 547 553 4
5 432 438 3
3 593 596 4
4 1120 1124 6
6 19 25 5
6 163 169 5
3 905 910 5
6 396 402 4
3 1071 1074 3
4 322 326 6
4 543 547 4
2 721 726 1
6 459 465 5
5 425 431 3
4 1076 1083 4
4 840 844 3
3 461 466 4
6 844 850 4
5 466 471 2
3 928 931 3
5 136 141 3
4 22 26 4
5 440 445 5
6 404 410 3
2 1177 1182 3
2 903 906 3
2 967 971 6
2 784 792 3
2 296 298 5
6 771 777 5
3 634 637 6
4 335 339 1
5 474 479 4
3 421 424 1
6 14 20 4
4 340 344 6
5 203 208 3
5 882 887 3
2 782 788 2
2 123 126 3
2 932 939 1
5 793 800 4
6 143 149 6
2 392 397 5
5 338 343 2
5 1171 1176 6
5 319 324 2
2 852 854 3
2 1012 1014 4
3 943 946 1
5 584 589 1
2 521 525 1
5 91 96 5
4 897 901 5
2 216 220 4
5 707 712 2
2 250 255 6
5 958 963 3
4 1184 1191 3
6 673 679 4
6 190 196 6
3 950 954 1
3 644 650 1
5 1088 1093 2
2 1112 1116 3
4 1002 1007 4
3 81 86 2
5 910 915 4
2 239 241 2
2 940 942 4
3 824 827 1
3 24 30 2
3 288 291 1
3 1097 1100 4
4 700 704 5
6 580 586 3
4 780 784 2
4 378 384 3
2 259 261 2
6 220 226 2
4 640 644 4
3 266 269 6
5 1144 1149 4
2 160 162 3
3 643 648 2
6 864 870 2
5 1045 1050 6
3 232 238 3
3 659 664 4
3 169 174 2
2 100 104 5
4 210 216 6
6 52 58 3
4 1035 1039 1
2 272 274 2
4 72 77 3
5 179 184 2
6 428 434 3
2 67 72 3
3 814 820 3
5 687 692 4
6 1161 1167 3
5 1151 1156 4
5 297 303 5
4 31 35 1
4 456 460 1
3 559 562 4
2 1025 1031 2
6 999 1005 3
2 1139 1143 3
6 805 811 2
2 1092 1096 3
4 40 44 1