450
1.39 1.25 1.43 2.84 1.0
1 810
5 825
1 280
4 452
1 457
8 317
5 570
4 276
1 730
7 578
1 505
2 294
3 219
1 424
3 73
5 114
7 194
6 702
8 278
1 813
4 338
6 508
7 43
4 682
3 557
5 90
2 509
6 724
6 843
8 732
6 530
7 78
7 14
3 288
3 82
1 774
6 356
7 583
5 599
2 742
6 576
8 736
5 307
3 242
1 86
1 195
5 501
6 789
7 230
4 188
6 186
7 851
6 9
8 653
1 862
7 842
6 788
8 444
3 190
1 132
8 849
1 540
3 211
4 426
1 741
7 43
6 531
2 207
6 890
2 392
1 26
1 250
3 268
3 795
7 625
7 268
3 722
3 791
8 344
1 432
5 261
2 114
1 193
3 644
6 10
2 206
7 146
8 811
5 331
7 334
1 418
2 289
8 684
1 508
1 38
8 437
8 601
6 191
1 736
3 787
1 124
2 797
1 48
6 614
2 475
8 539
5 676
1 159
3 509
1 896
2 819
3 402
7 311
5 501
5 607
5 0
3 170
5 134
3 317
5 355
5 133
2 780
5 770
7 106
6 88
2 775
8 226
6 306
3 728
4 545
1 106
5 483
1 89
1 773
4 587
5 307
1 32
2 387
1 10
8 723
6 631
1 318
7 890
3 498
6 858
4 26
3 0
3 698
1 170
2 374
7 44
2 697
1 672
3 656
7 573
7 763
5 243
7 66
3 279
4 129
2 758
1 651
4 438
7 177
5 615
1 314
1 402
6 269
6 663
3 641
1 422
8 381
7 521
4 96
5 677
2 174
1 779
6 852
3 452
1 793
4 41
8 472
5 510
1 466
1 707
1 426
4 829
1 57
3 427
8 123
8 487
1 169
2 645
4 831
7 564
2 144
8 879
5 157
2 129
2 263
5 0
1 359
7 3
1 104
6 761
4 778
8 22
8 887
8 576
7 108
6 623
3 398
4 529
4 630
4 713
1 881
1 469
7 451
5 239
4 360
5 453
1 629
1 447
5 826
3 368
8 206
2 557
3 56
4 871
4 223
1 691
1 661
8 794
7 548
4 48
5 470
5 429
8 651
1 74
1 0
8 768
7 304
7 881
5 255
2 569
1 549
3 294
7 236
4 849
7 253
4 256
1 83
6 459
1 335
3 395
2 336
7 693
6 292
3 439
4 796
1 566
4 837
5 453
3 215
8 348
2 425
8 226
7 597
1 318
7 205
3 331
3 401
8 812
6 594
4 162
3 472
5 699
5 212
5 490
6 17
6 524
6 445
2 206
1 383
3 370
2 754
1 159
2 817
8 520
7 49
5 809
2 386
2 170
7 315
2 288
1 210
1 409
6 373
3 538
2 57
1 818
6 720
6 306
7 451
1 165
1 142
1 849
1 513
1 322
6 838
8 569
1 632
7 108
1 199
2 413
8 492
3 258
4 280
3 70
8 626
7 552
1 719
1 145
5 233
3 890
4 802
1 140
4 221
5 362
2 488
2 827
1 336
3 721
8 869
1 154
5 412
2 530
6 773
5 605
7 594
7 686
4 589
5 262
1 718
4 867
4 480
4 249
2 505
6 465
4 755
6 51
1 446
5 126
4 68
1 295
8 609
6 377
6 550
2 364
6 688
1 683
6 663
2 190
2 171
4 871
4 369
3 753
3 567
2 398
8 334
5 112
6 233
5 613
2 54
4 213
2 125
5 758
5 865
1 639
3 551
7 706
3 565
1 878
7 665
6 257
1 77
8 668
1 837
1 310
3 490
6 860
7 644
1 138
1 526
6 132
3 639
5 161
6 658
6 340
1 97
1 662
8 550
5 89
2 109
2 466
5 758
6 675
1 617
3 503
4 790
1 275
2 20
2 609
2 600
4 733
2 16
3 670
4 396
7 10
6 419
4 755
2 589
4 184
7 702
5 154
4 854
7 357
4 61
8 741
1 588
4 671
3 522
3 855
1 118
4 6
8 270
8 166
8 736
4 846
6 75
3 329
5 32
4 393
1 349
3 388
3 12
1 867
5 630
8 35
4 726