50
5 24 30 1
5 149 154 6
2 32 34 5
3 36 42 3
2 156 158 3
5 172 177 3
5 40 45 1
4 69 75 6
4 64 68 3
4 48 55 3
6 107 113 5
5 53 59 4
5 100 106 4
2 144 146 1
4 132 136 5
3 124 129 4
4 109 113 6
4 145 150 1
6 187 193 2
2 65 69 2
4 174 179 6
4 120 124 1
6 160 166 5
3 18 24 5
2 32 36 6
4 4 8 2
3 180 187 4
3 8 12 1
2 20 24 3
3 85 92 4
5 74 79 4
5 136 142 1
5 15 20 1
5 164 172 1
5 200 205 4
3 77 82 1
3 47 51 4
4 58 62 1
6 179 185 5
2 161 167 3
6 124 130 4
3 191 194 2
4 89 96 3
2 8 10 5
4 96 103 5
4 83 87 4
3 96 99 2
3 115 118 2
6 129 135 4
4 193 200 4