400
1.0 2.41 2.99 2.04 2.97
5 469
3 28
5 404
3 912
2 1272
8 35
3 53
1 644
8 236
6 161
8 1408
6 1150
8 585
6 898
8 453
1 524
1 1390
3 1129
1 905
8 422
3 327
7 545
5 688
4 268
8 1255
1 48
4 204
2 1439
2 1031
8 679
7 358
8 228
4 36
5 1139
4 815
5 1445
6 576
7 179
2 521
1 717
7 107
3 1237
7 493
6 751
5 510
7 968
1 198
2 629
4 1546
2 612
8 1170
2 1598
7 135
1 1092
1 408
5 715
5 886
1 862
6 479
6 363
7 1541
2 1208
1 1294
1 436
8 1472
3 765
4 1336
1 1288
7 1523
6 108
2 532
2 19
8 1188
1 1334
4 740
4 464
6 993
3 1204
6 1066
1 1163
2 1074
8 366
2 773
2 876
5 524
2 125
1 504
1 759
4 1084
7 1436
1 841
4 1567
7 1346
1 1539
6 1398
5 1184
2 640
1 1102
3 577
5 187
3 520
3 136
2 420
3 868
1 81
8 1169
7 310
6 934
6 119
1 407
8 918
8 146
1 1458
1 1134
8 290
4 1068
4 158
1 421
1 1542
1 682
2 378
4 1104
1 1375
5 48
8 265
1 976
4 1219
8 1267
5 790
1 721
6 762
1 717
6 826
7 41
7 1200
1 1460
1 2
4 121
4 1043
1 215
7 733
8 349
3 1146
6 1199
8 0
3 1001
3 987
1 838
7 1238
3 300
6 1396
8 1566
1 727
3 158
3 1131
1 1366
5 818
6 1025
2 316
7 1301
4 1284
1 23
2 440
5 336
1 1503
6 596
5 502
5 791
6 194
5 310
2 110
4 402
5 868
1 571
7 1143
8 828
7 1315
1 1299
1 1477
3 1153
4 987
1 877
2 1562
5 952
2 217
6 1420
7 400
6 417
1 104
5 769
5 1334
5 1358
7 103
1 651
5 804
2 1421
6 774
5 1309
3 970
8 83
8 350
4 1127
6 917
1 317
1 908
1 1006
4 1275
7 1402
7 1033
3 729
4 802
5 503
8 1022
1 618
7 922
5 1128
2 18
8 181
6 550
2 1233
6 856
8 1049
1 1198
1 1532
1 7
4 1160
7 956
3 324
2 1443
1 79
1 142
1 1326
8 967
8 1317
7 485
5 1573
7 1515
8 602
7 1472
6 814
7 1470
6 1332
4 1409
6 1239
7 1097
2 293
1 135
6 546
3 1418
6 848
8 982
6 750
4 1117
6 874
7 1008
3 611
8 1591
7 1103
8 537
6 1547
7 335
3 256
3 214
6 934
2 380
1 123
6 1084
1 7
2 1383
3 934
2 1464
1 62
1 1048
6 654
5 1040
3 586
7 695
7 537
8 673
2 352
1 1310
8 377
5 470
5 630
3 1289
8 1503
5 948
2 201
1 1012
6 260
4 970
6 662
3 96
3 563
6 581
3 1346
4 1219
5 1065
8 1192
3 177
6 436
7 1045
5 1554
1 329
1 794
5 200
6 156
4 1431
2 705
5 577
5 28
4 360
5 797
3 263
2 612
2 1500
1 472
3 628
8 1363
8 1275
7 1057
1 75
7 853
7 461
1 1374
1 321
7 1244
4 463
2 225
3 876
1 1250
5 395
6 900
3 291
6 1078
3 90
1 259
1 247
8 491
5 683
2 235
5 650
5 424
2 268
1 678
5 1507
6 1480
8 1536
5 1576
1 839
6 556
5 1024
1 1486
8 643
8 1573
7 1015
3 1255
8 939
1 1168
3 398
3 279
6 14
3 442
7 276
2 1230
2 1268
8 661
1 551
1 738
3 386
1 1116
1 1222
7 1484
6 1368
1 1355
7 996
2 696
1 1569
4 876
5 49
8 1589
1 292
5 1383
2 82
3 1186
4 882
3 690
2 198
6 506
1 757
7 236
4 1447
1 605
5 166
7 960
2 781
1 1407
5 1487
1 742
7 1523