100
2 220 224 6
3 39 42 3
4 296 300 1
2 250 253 5
5 59 64 3
2 275 279 4
3 269 276 2
2 1 4 6
5 231 236 1
2 200 202 3
4 77 81 5
5 180 185 6
3 224 227 1
6 85 91 6
5 393 399 2
5 174 179 5
6 314 320 3
6 64 72 6
2 397 403 1
6 100 107 6
6 284 290 1
2 129 134 6
2 260 268 1
2 92 96 4
2 333 340 6
2 349 354 4
5 338 343 2
3 308 316 2
4 233 237 3
3 96 101 6
5 374 379 5
5 278 283 3
3 141 148 4
2 30 33 5
2 256 264 1
4 138 144 5
3 96 100 5
5 158 164 1
5 148 153 4
3 49 56 4
3 8 15 5
4 317 321 4
6 22 28 3
3 71 75 4
6 376 384 1
2 300 308 6
2 211 213 6
4 188 195 5
3 205 211 3
4 243 248 6
4 268 272 3
5 163 168 4
6 244 250 3
6 364 370 5
5 124 129 2
4 363 367 4
5 324 329 2
5 292 297 6
2 84 86 4
5 106 111 4
5 8 13 1
5 392 397 2
3 112 115 5
3 188 192 1
4 341 347 1
3 44 49 5
4 252 260 4
5 330 335 2
4 164 170 2
5 356 364 6
3 304 312 1
2 352 359 1
3 154 160 4
3 387 390 2
6 168 176 2
5 135 140 2
2 116 118 2
4 372 376 1
6 62 68 3
2 382 386 6
4 176 183 1
4 227 231 5
4 119 123 4
2 285 290 1
6 192 198 1
5 292 300 4
4 124 128 5
6 20 26 2
6 76 82 3
6 213 220 5
6 26 32 1
5 15 20 5
6 346 352 2
6 236 242 3
3 152 155 6
3 56 59 3
4 40 47 4
6 325 331 4
6 36 42 4
3 204 207 1