150
1.47 1.04 1.03 2.44 1.63 1.46 3.78 2.98 0.88 1.01 4.7 1.59 1.27 1.98 1.51
1 574
6 344
1 173
1 555
8 167
8 324
2 193
1 117
3 32
2 80
1 538
1 296
8 214
1 304
2 69
8 60
6 74
2 99
4 548
7 103
5 238
3 586
1 457
5 595
1 320
2 250
4 154
7 192
3 213
7 377
1 539
4 0
1 0
6 171
7 407
7 427
1 233
4 476
4 364
1 22
1 496
7 91
4 481
1 518
1 468
2 592
3 540
7 262
1 340
4 36
6 513
8 418
1 143
6 464
1 258
6 106
7 522
4 382
4 4
8 58
4 33
4 301
7 510
1 64
1 354
1 432
2 9
2 386
3 152
2 394
3 408
4 145
1 516
2 5
4 113
1 375
3 439
6 329
8 119
6 191
5 458
8 277
7 318
6 414
7 143
6 285
2 149
1 261
7 281
6 329
1 171
6 202
1 37
7 514
5 100
1 413
5 389
3 125
6 32
5 285
5 368
8 572
1 76
1 140
4 116
8 549
3 218
2 477
3 179
8 236
3 299
2 264
5 418
2 576
4 151
6 475
4 450
8 402
8 305
5 267
4 431
6 481
1 42
3 431
5 536
1 445
2 341
3 46
1 311
1 218
7 209
6 456
1 347
6 562
1 24
5 385
4 354
2 21
2 589
6 104
5 195
5 494
6 80
2 230
6 176
5 265
5 497
2 507
1 251
4 560