250
2 937 942 3
4 588 594 4
6 723 729 4
2 271 273 5
2 192 199 4
4 460 465 3
4 988 992 2
3 81 88 4
2 948 954 5
2 616 624 5
6 102 108 4
3 715 718 1
5 8 13 2
3 857 862 3
3 230 233 4
5 820 827 1
2 184 186 3
3 362 366 2
4 341 345 2
3 56 60 1
6 486 492 6
2 378 381 2
6 316 322 5
5 890 895 4
5 749 754 5
6 880 886 5
6 493 499 4
3 886 892 3
2 976 980 3
4 828 832 1
4 648 652 6
3 504 508 3
2 663 668 6
4 238 242 6
6 14 20 5
3 863 866 1
2 324 328 6
6 456 462 3
3 853 859 3
4 909 915 5
4 872 876 3
5 439 444 2
6 242 248 4
4 776 780 5
4 53 57 1
2 384 386 2
2 306 311 3
3 788 791 4
4 646 650 3
5 167 172 3
6 65 72 6
6 808 816 1
5 250 255 3
3 838 842 3
3 376 379 4
2 468 473 3
4 711 716 3
5 924 929 2
6 956 962 6
6 928 934 5
4 643 647 2
5 26 31 3
3 17 21 3
2 972 974 1
4 905 912 4
6 567 573 3
6 734 740 4
2 433 436 1
3 31 34 2
3 633 639 3
2 108 110 3
6 792 798 1
2 932 940 1
6 227 233 6
3 276 279 4
3 45 50 2
2 401 406 5
3 287 292 4
6 296 303 5
4 512 516 3
4 557 562 5
2 23 25 5
4 137 142 3
3 958 962 4
6 844 850 1
4 613 620 1
4 654 658 4
6 795 801 3
3 522 525 2
6 801 808 6
3 739 742 2
5 694 699 6
6 755 761 4
6 111 117 6
6 189 195 6
4 129 136 3
4 407 411 5
3 924 930 6
3 544 551 5
4 446 451 2
3 607 611 4
4 368 372 1
4 294 298 1
4 964 972 5
5 278 283 1
6 676 682 1
3 118 124 6
4 283 287 1
3 903 907 4
3 538 541 6
4 627 631 2
6 334 340 1
6 324 330 6
3 120 125 2
5 220 228 4
6 99 105 3
2 136 138 5
2 898 901 3
4 316 320 2
6 783 789 4
5 769 776 6
4 288 294 5
5 217 222 5
2 349 352 6
2 503 506 6
3 419 423 4
4 982 986 1
5 596 601 1
5 917 922 1
6 340 346 2
3 664 669 1
6 60 67 3
4 698 702 2
3 779 783 5
5 497 502 5
6 530 536 6
2 478 482 1
4 450 455 2
4 944 948 1
3 584 588 1
5 88 93 5
5 689 694 1
3 640 644 6
6 549 555 6
6 764 771 2
5 420 428 4
2 848 855 1
3 344 350 6
3 730 735 5
5 468 473 3
4 979 983 6
6 718 724 4
4 4 10 1
2 3 7 4
5 201 206 3
2 516 518 2
2 683 686 5
2 743 745 3
6 50 56 6
5 171 176 1
3 670 673 6
4 816 820 6
4 413 419 5
5 329 334 4
2 88 92 4
5 947 952 1
2 656 661 5
5 894 899 2
4 480 486 1
2 153 156 4
4 818 824 4
3 555 558 3
5 180 185 6
2 828 832 6
3 148 154 3
4 162 166 1
2 706 712 6
3 204 211 2
4 244 252 3
4 188 192 5
6 960 968 5
3 999 1002 3
5 804 809 2
6 672 679 4
2 73 79 4
4 39 43 3
3 630 635 4
2 112 119 3
2 253 258 3
2 172 176 1
5 873 878 6
3 429 433 3
2 442 447 6
4 836 840 2
5 215 220 1
2 724 729 3
4 612 616 5
3 993 996 1
4 764 768 1
5 146 151 3
3 208 212 1
5 352 357 4
6 397 403 4
6 864 872 3
2 745 750 1
3 94 97 3
4 536 540 6
6 798 804 1
5 601 606 4
4 622 626 3
3 392 396 3
2 303 308 2
5 579 584 5
2 516 521 4
2 702 705 5
2 428 430 6
5 573 579 6
5 454 459 5
6 68 76 5
4 570 574 5
4 234 238 2
2 34 37 1
5 757 762 1
4 526 532 1
2 391 396 3
6 259 265 5
5 587 592 1
6 268 274 1
2 561 565 1
5 385 391 5
5 358 363 1
2 261 266 2
3 688 691 5
3 883 886 6
5 197 202 1
4 41 46 6
2 845 851 4
5 143 148 6
3 992 995 2
5 369 376 5
5 472 477 6
4 597 604 3
3 310 315 4
2 913 916 2
5 77 83 3
4 411 416 1
2 125 132 5
2 488 496 3
3 160 163 6
3 541 547 1