200
2 9 9 101 5
2 3 9 537 3
7 4 10 1052 5
6 9 7 300 4
5 2 7 690 2
10 9 2 824 3
6 10 10 104 4
5 2 6 471 3
2 6 9 601 1
9 4 7 729 5
10 9 6 528 1
10 10 5 165 3
3 6 3 1151 5
6 6 9 725 2
3 4 4 324 2
5 7 7 914 1
4 4 2 869 2
4 6 2 538 1
9 2 6 378 5
4 6 8 1098 2
2 2 10 887 2
9 5 6 628 6
3 10 7 913 4
7 5 9 1163 3
3 10 2 831 5
2 8 5 49 5
2 4 10 156 5
8 3 5 146 6
6 2 2 1183 2
7 9 7 216 2
2 4 3 914 6
8 7 10 468 1
5 4 5 316 1
10 7 6 111 1
6 8 8 33 5
7 6 3 263 4
10 6 9 936 2
10 9 7 303 3
10 3 7 30 1
9 7 3 1194 1
6 10 6 972 6
7 7 6 745 5
8 6 5 432 4
10 4 5 845 4
5 9 6 54 1
4 4 2 41 2
5 9 2 489 4
6 4 7 153 1
7 8 8 580 4
9 7 4 1134 2
10 4 8 487 5
10 10 8 155 4
8 2 10 990 1
5 4 3 1175 4
6 8 2 828 6
6 10 10 80 2
5 3 3 862 6
8 10 10 1167 2
6 7 9 669 6
2 3 8 654 2
8 2 6 1145 6
9 2 4 733 5
7 10 3 259 5
5 7 4 1050 1
5 8 6 298 2
3 3 8 1194 1
3 2 7 206 2
9 8 9 552 4
8 8 4 411 4
6 6 6 700 3
10 7 7 1219 5
3 6 6 335 2
7 6 8 25 5
9 3 10 796 2
7 10 2 778 3
3 9 7 1033 2
5 4 9 603 6
10 2 5 832 3
3 2 4 8 5
5 10 3 225 6
4 2 2 1134 4
3 4 6 1122 6
6 2 2 923 2
3 6 3 198 1
9 2 9 1044 4
8 3 3 178 1
10 9 8 1027 4
3 10 7 283 5
3 5 3 660 6
2 8 3 721 6
10 6 4 788 4
9 9 5 1083 2
3 7 5 581 5
9 5 2 534 4
5 8 4 651 3
5 5 7 449 4
5 10 2 961 5
4 5 10 286 6
5 4 10 387 2
4 4 10 685 2
6 3 10 887 4
2 7 5 992 5
5 10 10 1147 4
2 10 7 558 5
7 10 6 422 3
4 4 4 621 5
4 9 9 225 5
8 3 5 351 2
6 10 4 784 1
7 9 6 103 1
10 9 7 121 6
6 7 7 1022 2
5 5 9 578 4
2 3 4 1183 2
3 8 5 546 1
6 5 6 252 2
4 6 10 683 1
5 10 10 187 5
5 9 4 348 3
10 3 9 872 4
2 7 10 63 4
10 5 10 1201 2
3 2 3 621 3
6 9 2 719 4
2 2 10 844 2
10 6 4 371 6
3 5 10 1002 4
10 7 6 775 2
9 7 3 353 5
9 10 10 1011 6
4 6 7 969 3
10 9 10 951 2
10 2 2 509 2
6 2 5 465 1
8 8 7 684 3
5 8 10 370 2
7 6 5 930 5
4 2 4 561 3
8 5 10 1062 4
5 5 10 74 2
6 2 4 169 3
6 2 4 220 2
6 2 7 887 1
3 7 8 1011 2
5 9 2 779 2
6 8 3 95 3
4 5 10 556 5
4 10 2 934 4
7 7 2 120 1
4 8 4 317 6
2 9 6 816 1
5 8 4 445 3
10 5 10 644 6
8 9 6 679 4
10 6 3 1206 4
7 6 2 384 5
7 7 2 171 4
8 4 7 495 6
6 5 9 889 1
5 2 10 595 5
9 7 6 1084 1
7 6 10 1053 1
8 9 7 512 6
6 4 4 483 5
8 4 6 51 2
2 9 4 369 4
3 9 3 244 4
7 4 6 761 4
9 2 4 253 6
10 10 7 184 5
8 7 2 846 2
4 10 4 346 2
7 3 6 408 2
6 10 4 287 5
4 4 7 1105 1
4 8 7 423 1
7 4 8 949 5
2 3 8 493 1
9 9 7 1065 2
2 5 10 432 2
8 2 5 1144 2
4 2 7 521 4
6 3 8 743 1
10 10 8 749 6
10 4 4 240 2
2 2 2 1027 3
10 5 6 419 3
10 7 4 746 5
7 6 6 368 5
6 9 6 833 3
9 5 2 663 3
6 10 3 1068 2
8 5 10 267 6
6 7 3 582 2
2 5 7 1099 4
5 9 5 1103 4
10 5 6 82 2
9 7 7 811 3
10 2 10 71 3
7 5 7 955 1