350
6 10 7 1742 2
3 10 2 2040 5
2 7 7 159 1
10 10 6 1443 5
5 7 7 1126 2
10 2 7 1586 3
10 9 8 1184 1
7 10 2 740 6
3 2 9 522 5
6 9 2 1183 6
10 10 9 143 6
5 7 6 51 3
7 9 3 341 6
9 8 6 1163 1
9 2 8 234 1
6 8 6 2111 6
8 4 4 1488 5
7 9 5 701 3
5 8 9 61 1
4 9 10 1374 3
10 5 3 319 3
2 6 3 1967 3
9 6 8 1234 2
7 9 6 333 2
9 10 2 1300 1
5 7 7 1990 3
9 6 6 814 1
10 9 3 1525 4
10 4 6 941 6
9 6 9 1685 1
5 9 7 1253 5
3 5 6 547 6
2 10 4 765 6
5 6 7 2062 4
2 7 6 1601 4
9 7 7 320 6
9 5 10 1632 2
9 4 9 521 2
8 7 4 1177 3
5 5 9 352 2
7 6 10 1838 1
4 10 8 131 3
7 5 10 875 6
8 10 4 266 4
10 3 3 895 2
8 8 3 1129 4
9 2 7 838 4
10 5 4 1668 6
7 8 10 1410 3
4 5 9 2038 1
8 3 4 2080 3
4 3 8 512 4
10 7 7 569 3
2 6 8 1782 2
4 8 9 608 6
7 10 8 93 1
8 4 5 627 6
7 7 8 1425 6
5 8 2 1124 4
4 10 6 1305 5
4 5 10 1624 6
2 5 8 1863 3
3 2 10 1792 3
6 8 6 722 6
7 5 6 1704 2
8 2 5 648 6
7 4 6 1848 2
4 4 3 1931 6
4 7 8 1944 1
4 2 3 1464 1
8 9 2 1068 4
3 6 9 204 6
7 6 4 838 5
5 7 2 1728 2
9 7 9 1046 6
5 7 9 1064 2
10 10 8 2022 1
5 8 10 108 4
5 3 9 44 5
3 10 2 1544 1
5 4 9 390 3
5 4 8 1054 4
7 8 2 1485 3
2 3 2 693 1
2 7 7 516 6
9 9 5 267 5
7 2 9 485 6
7 5 9 778 5
7 4 2 1571 3
9 10 9 1344 6
4 3 7 1852 3
9 6 9 804 2
6 9 7 624 2
9 2 8 264 2
4 8 3 1060 3
8 7 2 1251 5
6 6 7 920 2
8 9 2 1422 4
10 9 8 194 1
6 4 9 1865 1
9 4 3 1185 1
4 9 10 827 6
9 6 7 1250 3
8 6 3 1304 5
5 9 3 586 4
10 4 4 2003 3
4 6 4 670 3
7 3 9 2001 6
4 7 9 293 6
2 6 8 1240 3
2 10 7 1882 1
10 2 7 885 5
10 8 2 866 6
8 9 10 1227 6
10 3 4 2070 5
5 5 10 1977 5
3 7 8 422 3
5 6 10 2105 1
8 10 6 1756 6
3 2 6 989 2
2 10 9 1698 5
8 3 3 1532 5
7 2 2 885 1
4 3 3 449 4
3 2 5 988 2
8 2 6 1301 3
2 9 2 1117 2
5 10 10 1834 2
3 2 7 618 3
2 2 4 276 2
6 2 9 1968 5
6 3 10 919 1
5 6 4 1377 5
9 2 4 1694 5
6 4 5 210 1
2 5 2 994 1
9 2 3 2118 3
5 3 8 739 4
8 3 7 798 6
7 3 2 25 4
6 7 9 1440 4
4 8 8 1066 4
6 4 6 1627 6
10 8 7 1346 5
8 4 6 929 4
4 8 7 243 4
3 4 3 1769 2
9 6 3 320 1
8 3 8 1477 5
9 6 2 1922 2
10 5 9 460 4
4 7 3 961 2
3 2 4 1993 3
5 2 5 414 2
7 5 5 1373 2
2 6 5 532 3
7 9 9 737 2
7 5 9 1527 2
4 10 7 938 3
2 5 3 1091 5
3 7 10 161 6
7 5 4 578 2
4 6 2 295 4
4 2 10 1364 1
7 10 7 1387 1
5 6 10 1655 1
4 10 2 1553 1
4 4 10 72 4
8 6 3 1817 1
3 5 5 1263 3
4 6 5 1775 5
8 9 4 607 4
2 4 3 46 4
10 6 8 1132 1
5 3 4 353 2
10 5 7 718 3
3 4 10 668 5
8 8 5 1839 2
6 3 10 1951 1
9 10 9 361 3
2 4 2 97 3
7 5 2 1403 4
7 6 8 785 3
8 10 4 840 1
2 7 3 577 3
10 8 9 299 2
9 2 10 748 1
10 10 4 882 2
3 10 4 33 2
5 3 2 1715 4
5 5 7 643 2
8 3 4 150 4
3 7 6 1188 2
8 5 2 1104 5
5 4 9 1289 1
3 2 8 781 6
10 5 3 212 1
6 8 2 1387 4
4 8 8 627 2
4 5 8 539 4
10 9 4 528 6
5 7 4 135 1
8 2 5 1943 4
10 3 5 1159 5
4 2 8 1226 4
2 5 9 453 5
9 7 10 638 5
10 6 8 1019 2
6 9 8 1726 6
7 10 5 503 3
5 3 9 472 3
6 4 3 16 6
3 6 9 755 6
9 5 5 1545 6
5 9 9 689 1
7 7 7 1243 6
8 7 2 2089 3
3 3 10 920 1
3 6 9 2013 6
10 8 7 1587 3
6 7 7 1897 5
6 8 10 1839 5
2 4 5 432 6
5 10 8 203 3
8 7 8 860 5
7 9 7 1337 2
8 7 8 962 1
8 10 5 178 6
9 3 7 1158 2
9 7 5 211 1
6 10 10 218 6
7 2 7 404 4
8 2 2 1461 5
2 3 3 1378 2
7 5 6 756 4
8 7 10 1964 6
6 7 2 815 6
10 10 9 994 5
5 6 9 1034 6
7 3 8 1338 5
3 10 4 33 4
6 4 9 1869 3
5 5 3 1662 1
9 5 10 1520 3
7 2 2 403 3
8 6 9 1501 5
3 6 7 2062 2
8 2 2 1024 6
10 10 5 1612 6
2 7 7 707 4
8 4 7 1710 1
3 6 7 79 3
5 8 8 832 2
4 6 10 414 3
8 10 4 1792 4
4 5 10 83 1
7 2 9 63 4
4 10 3 1976 1
6 9 7 1763 5
6 4 6 242 6
5 10 2 1763 2
4 4 2 1915 3
8 9 2 561 6
5 6 6 905 3
6 9 4 1754 1
9 8 4 2026 6
5 9 8 1371 4
5 8 10 1077 5
10 8 4 1814 5
8 10 9 1303 6
3 9 4 1584 4
2 4 9 545 3
8 4 7 1807 1
10 5 5 1994 4
9 5 8 396 2
3 2 3 381 2
9 8 2 1622 2
3 6 9 1553 3
6 6 4 869 3
2 5 3 73 2
4 2 4 779 5
7 4 5 247 6
8 2 3 1332 2
6 8 7 446 4
3 8 9 1663 2
8 6 8 1096 6
5 3 2 351 2
7 4 3 623 6
8 9 6 1838 6
8 7 10 1441 4
4 8 5 1644 2
8 8 3 1009 2
10 5 10 583 3
3 4 10 1600 1
4 7 8 1427 1
7 2 4 146 6
10 7 8 1209 3
9 2 2 1136 5
2 6 5 323 1
2 8 10 1900 4
9 3 9 152 4
8 10 9 2054 3
7 5 4 146 6
6 9 5 1579 1
2 2 2 1038 2
10 10 8 1273 6
8 7 9 577 3
2 7 6 1555 3
10 4 3 170 5
5 6 3 1907 5
4 6 3 2088 4
5 4 2 983 2
2 8 9 1627 3
7 7 3 1700 3
5 5 8 941 5
4 5 7 1508 3
3 6 2 434 3
10 4 7 1099 4
5 10 4 299 6
5 7 9 685 1
3 10 7 195 5
4 4 2 688 2
4 4 6 1284 5
9 5 6 1922 1
10 9 8 882 3
4 8 3 1674 1
8 2 7 377 3
4 8 10 2073 1
4 3 3 722 5
7 6 10 1074 5
9 5 6 478 6
3 6 7 1902 4
9 10 5 1412 4
4 10 10 952 3
9 10 9 445 2
8 4 6 1204 2
6 7 4 965 1
10 10 9 2053 4
10 9 7 481 3
7 9 8 91 1
10 10 2 1000 5
6 3 3 672 3
7 8 9 1449 6
10 2 8 288 1
2 5 4 1459 2
5 8 5 1792 6
10 5 5 1320 3
7 5 3 462 3
6 3 9 1496 3
4 8 6 1175 2