500
7 2 4 1388 1
4 8 3 1504 2
10 5 2 644 5
7 7 5 1955 1
3 10 6 2384 4
4 9 6 2896 5
8 3 2 641 3
8 6 6 650 2
7 10 2 587 3
3 7 3 2344 4
8 5 9 2829 1
10 4 4 1535 2
10 3 8 1754 2
4 8 6 519 6
7 4 2 792 5
4 6 8 2571 5
9 6 10 2914 4
5 3 8 186 3
6 9 10 1412 5
3 8 5 2727 2
5 8 4 2990 4
9 6 3 2662 1
10 5 2 1573 1
7 5 6 1370 2
10 4 8 709 2
3 10 6 2097 4
2 9 8 2298 1
6 9 8 188 5
9 5 4 2372 2
5 5 7 2444 2
3 2 5 2833 2
8 10 9 161 1
8 6 8 1362 4
8 6 10 1861 5
4 9 2 2298 5
8 10 8 1551 3
6 6 5 2591 2
10 2 9 2037 4
7 6 6 811 5
6 10 3 247 4
5 9 6 1983 6
7 2 5 2475 6
3 10 5 843 4
7 4 8 2151 4
10 10 6 1168 1
6 3 4 1483 3
8 9 3 1348 1
2 2 5 753 1
4 3 8 56 2
2 8 3 2982 2
3 2 2 2022 6
8 9 4 773 2
6 5 4 893 2
4 2 6 2067 2
8 3 7 62 3
10 4 4 1764 3
9 2 8 1076 2
10 4 4 2825 1
10 9 6 2185 1
9 4 9 1783 4
4 8 8 330 3
5 6 4 737 2
5 9 2 2951 4
7 4 10 823 5
5 6 9 2630 3
5 5 7 2831 5
5 8 6 505 3
9 8 5 338 4
4 4 3 720 2
6 2 10 876 4
6 6 9 2331 3
2 9 10 1691 3
4 3 4 835 1
5 4 10 1414 2
10 6 8 873 6
7 9 6 2082 6
7 4 10 140 4
3 3 4 2694 3
9 9 7 1964 6
7 7 3 1259 5
9 6 5 320 4
3 8 5 1659 3
2 5 6 1888 3
5 3 6 1049 6
4 3 5 89 2
8 2 7 681 3
4 6 2 434 2
7 3 10 377 2
6 4 2 767 2
9 7 5 2100 4
5 10 10 2759 1
9 9 5 2081 1
6 5 8 1763 4
7 7 2 906 5
6 7 4 488 2
7 3 5 1818 4
7 5 4 433 6
8 7 4 1874 6
5 8 3 1376 2
5 6 6 134 6
6 10 9 2713 2
7 6 10 2491 2
7 3 9 675 3
5 7 10 616 2
4 3 7 954 3
10 10 3 554 4
2 10 10 520 6
2 3 10 2916 5
7 8 2 2198 3
5 7 2 1187 4
4 4 4 918 1
7 9 10 1913 3
7 3 6 1349 4
9 3 10 1246 4
4 8 9 1672 6
8 4 10 2055 5
7 3 6 319 2
2 8 4 200 4
8 2 2 2174 5
9 4 6 1273 2
8 2 4 464 6
10 9 7 2304 6
10 8 9 1750 5
3 6 6 1059 3
5 9 4 2597 2
6 6 4 1523 3
7 8 2 2879 3
9 8 6 1016 3
9 5 8 1263 4
5 8 7 2374 2
5 5 3 815 5
3 2 5 537 1
9 9 3 2908 2
9 6 4 2114 2
2 5 2 750 3
9 10 4 1928 1
10 8 4 2028 3
9 7 8 33 4
4 9 7 265 2
6 3 4 460 1
10 2 2 1644 6
8 9 4 1727 2
2 10 8 1085 3
2 2 8 2940 1
7 10 9 608 3
8 5 2 1289 2
10 5 6 867 1
8 10 6 1144 5
5 8 3 1571 1
2 6 6 1497 6
9 9 10 1008 2
3 5 9 1257 2
8 3 9 1078 6
8 3 6 1740 3
3 6 2 1231 6
9 10 10 1729 1
5 9 5 1555 6
8 7 8 2591 2
3 4 2 2310 4
7 6 10 216 2
6 3 6 2356 4
7 9 6 2419 2
10 5 9 2286 6
2 2 4 1115 2
3 7 8 2389 2
3 10 2 350 5
4 10 9 2615 5
10 8 9 1941 1
8 8 3 860 5
7 2 2 2746 4
4 6 9 1910 5
8 7 3 244 6
5 4 2 466 4
9 10 8 1492 5
9 7 9 2455 5
3 7 7 817 4
5 10 3 2859 3
8 10 6 2382 2
3 6 3 2479 4
7 8 4 403 5
8 4 4 1429 3
9 2 7 2789 1
2 5 7 2660 1
5 2 8 789 6
8 10 9 2736 2
7 4 5 969 4
4 3 10 1147 4
8 8 7 2679 2
4 5 2 1829 2
6 7 6 2071 4
2 8 7 2651 1
5 4 2 1360 4
7 5 2 2466 6
6 2 8 2434 4
9 5 7 2170 1
2 3 8 1630 6
7 7 2 1589 3
4 6 9 2026 4
8 7 6 361 2
9 6 6 2851 3
2 7 2 2439 2
2 2 2 2939 2
3 5 4 1640 2
10 9 4 2870 2
2 7 5 1620 3
7 9 9 253 6
7 9 10 2281 1
4 10 10 1503 5
8 9 8 1118 4
5 10 6 1962 6
10 2 10 2664 1
9 5 9 1695 5
4 10 7 605 1
3 7 8 275 4
3 10 7 566 4
3 3 6 2017 1
6 3 2 2738 1
2 3 5 148 6
8 4 6 2472 2
2 8 2 1086 4
7 5 9 2960 5
6 6 5 1946 3
8 7 8 2157 3
10 6 2 1767 1
10 8 2 385 4
4 3 6 2939 6
8 9 10 1414 3
6 5 3 2280 5
6 3 10 1191 3
2 8 7 2203 2
10 2 7 968 4
7 10 4 2399 5
8 2 8 2766 4
5 2 3 2721 4
8 9 6 197 3
6 5 2 1457 4
4 10 9 423 1
4 6 10 342 3
10 3 7 167 6
8 9 8 1437 3
5 10 7 528 1
2 5 6 12 3
8 8 3 1467 6
9 7 4 2699 1
8 2 3 532 4
3 8 9 1185 5
8 6 8 2635 6
7 4 9 2892 2
8 10 5 2394 1
9 9 9 2814 3
2 6 10 134 2
10 9 5 2728 2
2 2 9 2567 1
8 4 10 586 4
8 10 3 1980 5
7 6 5 1259 5
4 3 7 915 5
8 6 3 1811 3
7 8 8 1169 3
10 9 10 2064 1
9 2 7 2989 6
10 4 5 1444 6
9 4 5 276 6
3 6 9 2209 2
2 9 2 2533 1
3 7 6 770 4
3 10 8 2553 6
3 5 8 1551 3
7 9 4 465 2
6 9 3 2888 6
3 2 10 1644 1
10 7 3 445 3
10 3 2 477 5
8 8 10 2536 3
10 7 8 48 6
4 6 3 886 6
4 9 10 1324 3
4 3 10 2131 4
7 6 5 671 2
10 5 4 1370 4
9 6 2 864 5
10 10 7 341 3
3 9 8 1720 2
6 7 5 93 3
5 5 9 2249 1
5 2 4 2134 4
4 3 3 1009 4
6 3 2 388 3
7 5 9 211 2
4 8 5 511 1
4 5 6 2829 5
10 6 3 663 4
7 9 5 1885 6
7 5 7 59 5
8 9 6 2862 6
3 8 4 2334 5
5 6 7 991 5
2 6 4 345 3
9 10 4 1298 5
3 2 9 1307 4
2 9 8 420 2
2 10 7 1705 6
6 3 4 2263 2
7 3 10 1462 6
10 5 4 1314 6
7 8 2 882 5
3 7 10 1153 3
10 3 5 437 6
2 10 5 2515 3
7 6 9 763 5
6 3 5 1541 2
3 7 6 2314 4
10 5 9 1191 1
3 6 3 1135 1
2 5 7 843 2
8 5 3 2879 6
5 9 7 1508 6
2 4 6 1924 1
2 2 7 669 5
2 8 3 2625 2
3 10 6 645 4
5 3 10 2105 1
5 8 5 440 5
2 10 6 2549 2
7 10 6 1562 5
10 6 10 1599 6
3 9 3 2228 1
6 5 4 610 2
2 5 2 2344 4
4 10 7 1722 3
5 10 7 1101 3
6 6 9 119 3
9 9 5 2470 2
10 4 4 1579 6
10 8 8 743 2
7 6 6 480 4
2 4 3 2002 3
4 4 5 909 3
9 5 8 668 6
5 2 2 812 3
6 7 10 1683 2
3 2 8 3000 6
10 6 2 1175 1
5 2 3 2532 4
10 6 8 2189 3
5 10 9 2700 2
4 2 6 2529 3
8 2 4 559 5
2 10 7 1215 4
7 3 6 929 6
4 3 6 1447 6
10 2 2 1333 6
3 9 3 1801 4
9 4 4 707 1
5 10 2 2808 4
4 3 8 1900 5
3 10 10 303 4
9 6 3 2520 3
6 8 6 2335 5
4 6 3 859 1
9 10 7 2782 3
2 2 3 1839 3
5 6 5 1300 3
7 5 6 1693 6
6 4 5 960 5
10 5 7 179 3
6 5 7 2255 6
4 5 2 1071 5
10 6 6 2443 2
4 10 10 2012 2
9 4 7 1680 3
3 7 9 2975 6
6 3 10 1005 4
2 10 8 320 5
5 6 6 194 6
9 7 10 2303 5
10 5 4 633 1
7 3 10 2498 6
10 10 4 751 3
6 10 2 2993 6
2 3 9 1616 5
8 9 6 1559 6
7 6 10 1058 2
4 10 4 61 6
6 8 8 946 3
7 5 10 1286 4
6 8 8 1751 3
2 9 6 272 1
2 5 7 278 1
5 3 6 1080 1
6 8 8 1826 3
7 4 9 1635 1
2 2 2 85 5
2 10 3 529 5
5 10 8 2595 6
4 8 10 2949 2
3 9 2 803 5
3 7 8 2847 1
4 6 5 1005 6
7 9 7 2753 4
7 2 10 1461 1
9 6 2 1875 1
7 5 9 1190 4
8 6 7 25 3
3 8 7 2414 6
3 2 4 2571 3
7 8 5 2189 3
9 4 2 1800 4
3 3 3 1600 2
8 5 10 45 3
7 6 3 1265 1
3 8 7 2432 1
5 4 3 93 3
9 10 9 1845 3
8 9 4 2047 5
4 4 8 973 3
3 2 7 2786 3
8 6 2 303 6
4 2 5 2909 6
2 8 6 2143 3
8 9 7 1867 3
3 9 9 494 2
9 7 7 1215 1
7 9 5 1033 3
10 7 6 594 4
7 4 5 2085 6
7 6 6 293 6
4 8 4 1119 6
8 4 2 2118 2
9 7 8 222 3
6 9 9 1859 2
4 8 4 2347 5
8 5 6 2222 4
2 7 3 558 6
9 9 9 2755 1
3 8 2 2006 1
6 7 8 1828 5
2 10 2 233 3
2 7 5 1804 1
6 10 9 699 3
2 2 8 18 3
9 2 7 941 2
3 5 10 704 1
5 10 4 647 5
5 4 4 1412 5
10 2 6 1042 4
10 9 3 1199 5
2 2 4 2096 4
7 10 10 1593 6
3 4 5 1112 5
8 5 8 392 2
9 7 10 2494 3
2 2 10 236 1
8 4 6 2242 5
5 3 10 1737 3
6 2 8 1393 1
2 5 6 2691 5
2 10 3 1919 5
3 8 2 2220 1
3 6 2 1247 3
10 9 9 2206 2
3 9 9 591 6
4 7 8 746 2
3 3 2 73 2
8 10 3 1224 6
7 6 9 2141 3
5 4 6 2177 5
3 10 9 1464 3
3 2 9 1336 6
5 7 5 2714 2
8 8 3 104 1
6 2 4 1043 2
10 2 4 2790 4
5 8 5 3019 2
6 2 9 1481 1
10 10 6 2647 6
6 2 7 1665 2
5 4 7 1842 3
6 7 7 2571 4
3 3 2 1922 5
8 7 8 410 2
2 6 4 2625 3
8 2 3 1403 6
8 8 9 388 6
3 6 9 1953 2
10 6 9 2923 6
3 5 9 2976 5
4 2 4 148 1
10 5 3 134 5
3 10 2 1895 5
5 5 8 248 4
8 9 10 2601 6
7 3 7 117 4
2 5 7 1338 4
6 7 9 1988 5
9 9 4 2497 2
8 8 5 956 1
7 8 8 2267 2
7 2 8 1062 4
9 4 4 954 6